100 200
0 39
1 9
1 71
2 31
2 79
2 93
3 13
3 62
3 80
4 28
4 33
4 97
5 64
5 68
6 34
9 69
11 56
12 56
12 96
13 45
13 50
13 83
13 93
14 54
15 63
2 16
16 47
3 17
17 18
17 56
7 18
18 46
18 58
18 86
18 88
10 19
20 34
20 60
21 63
21 73
11 22
22 38
22 75
22 77
22 95
13 25
5 26
26 41
26 54
16 27
15 29
26 29
29 39
29 83
18 30
22 30
30 36
30 69
30 74
31 52
31 56
2 32
6 32
20 32
32 72
33 55
34 35
34 83
35 43
35 92
17 36
27 36
36 44
36 51
36 53
10 38
38 65
38 82
9 40
40 43
3 41
41 42
41 89
41 98
2 42
43 72
43 81
43 91
45 53
46 88
46 95
48 49
48 90
48 99
28 53
53 56
54 78
54 96
55 80
56 92
57 74
17 59
44 59
4 60
8 60
54 61
61 71
63 67
63 87
33 64
64 70
64 86
64 89
25 65
11 66
16 66
21 66
66 96
10 67
15 67
20 67
41 67
67 73
13 68
55 68
4 69
13 69
37 69
52 69
69 76
19 70
46 70
42 71
48 71
57 71
71 92
1 72
69 72
70 72
72 78
23 74
26 74
43 74
49 74
70 74
74 98
58 75
59 75
4 76
32 76
39 76
61 77
77 99
51 78
66 78
68 78
1 79
16 79
26 79
30 79
29 80
49 80
1 81
9 81
80 81
81 99
12 82
82 87
82 94
76 83
10 84
41 84
65 84
84 88
0 86
44 86
21 88
19 89
13 91
89 91
91 92
5 92
33 92
62 92
83 92
40 93
14 94
85 94
43 95
45 95
66 95
26 96
52 96
74 96
24 97
0 98
22 98
32 98
70 98
84 99
