100 200
0 22
0 40
0 65
0 86
2 24
0 3
3 27
3 37
3 75
3 99
5 14
3 6
5 6
6 18
6 20
6 24
6 33
6 62
6 66
6 78
6 91
7 38
7 78
8 27
0 9
9 39
9 58
10 18
10 48
11 13
11 49
14 30
14 34
15 43
15 68
15 70
15 83
16 28
16 35
16 54
17 68
16 18
18 23
21 58
21 86
22 28
22 84
22 93
7 23
23 50
23 97
8 24
24 92
25 55
12 26
26 32
26 47
26 56
26 57
26 67
27 51
28 76
29 45
29 63
29 82
29 88
18 30
30 69
31 64
31 68
32 52
33 37
1 35
17 35
35 94
30 36
37 44
37 64
37 97
3 38
32 38
38 63
14 39
21 39
40 89
12 41
41 46
41 42
42 55
7 44
8 45
45 91
43 46
40 47
48 72
48 91
48 98
10 51
32 51
51 59
51 70
51 87
51 96
13 53
31 53
53 68
53 92
34 54
54 68
15 55
34 55
55 83
55 97
11 56
12 57
55 57
8 58
58 78
4 59
53 59
6 61
29 61
35 61
51 61
28 64
60 64
64 85
50 65
62 65
65 69
65 73
66 89
66 96
50 67
55 67
67 84
67 94
22 68
62 68
68 88
68 94
10 69
29 69
45 70
10 71
15 71
21 71
65 71
71 81
71 90
19 72
2 73
73 78
73 87
41 74
76 84
77 94
45 78
72 78
16 79
21 79
29 79
33 79
9 81
77 81
73 82
8 83
64 83
77 83
79 83
83 85
29 85
71 85
12 87
80 87
51 88
71 89
89 97
39 90
7 91
23 91
25 91
26 91
73 91
85 91
25 93
42 93
5 94
27 94
49 94
74 94
95 96
0 96
2 97
56 97
9 98
36 98
11 99
48 99
95 99
