100 200
1 20
1 52
1 54
1 68
1 2
2 42
2 71
2 91
2 98
3 31
3 5
5 40
5 55
5 63
6 11
6 23
6 43
6 74
7 30
7 59
8 35
9 16
10 84
10 91
11 63
12 20
4 13
10 14
14 65
15 66
11 16
6 17
14 17
17 18
17 29
17 54
7 18
18 61
18 78
18 88
19 28
20 59
20 61
21 44
22 32
23 45
23 89
23 91
23 97
13 25
25 34
25 87
26 65
5 27
27 39
27 57
28 47
28 55
28 59
28 62
29 33
29 80
14 30
30 34
30 69
30 86
31 41
31 47
31 96
21 32
32 58
32 72
2 35
35 45
35 77
36 72
36 77
6 38
18 39
39 87
4 42
9 42
31 42
42 50
42 86
42 94
42 97
22 43
43 59
43 85
44 45
44 64
44 82
15 45
45 95
12 46
22 46
25 46
46 82
47 52
47 57
31 49
49 64
49 70
17 50
28 50
50 53
51 71
15 52
24 52
27 52
52 76
52 93
4 53
49 53
53 81
53 94
20 55
30 56
56 63
57 61
57 76
46 59
59 60
8 60
47 60
50 60
13 61
38 61
56 61
61 99
42 62
26 63
65 95
67 72
54 68
70 98
24 71
38 71
71 90
8 73
37 73
40 75
30 76
39 76
76 83
25 77
77 92
26 78
31 78
51 78
72 78
66 79
67 80
39 82
6 83
48 83
19 84
83 84
84 92
85 97
85 98
7 86
8 86
24 86
68 86
77 86
81 86
7 87
21 87
56 87
68 87
73 87
83 87
23 88
88 89
26 89
37 89
49 89
55 89
79 89
36 90
38 90
54 90
28 91
75 91
90 91
91 96
0 92
19 93
70 93
22 94
37 94
49 95
33 96
61 96
72 96
52 98
74 98
82 98
