100 125
0 34
1 3
1 42
1 72
3 65
3 78
0 4
7 38
8 36
8 52
8 86
10 71
12 99
17 32
5 18
12 18
18 56
18 59
13 19
20 35
11 22
4 24
24 25
24 91
20 25
25 46
25 93
25 96
27 90
21 30
30 63
30 83
9 34
22 34
34 77
35 68
36 60
15 37
10 38
38 95
8 40
27 40
40 43
40 50
40 94
43 54
43 72
43 76
43 85
43 87
11 44
45 87
46 57
1 47
16 47
22 48
41 49
51 53
51 62
51 89
29 52
28 53
53 61
17 54
35 55
37 55
45 55
55 64
55 81
55 83
6 58
28 58
6 59
10 59
53 60
44 61
3 63
7 63
23 63
40 63
63 66
63 92
7 64
49 64
26 65
65 74
18 66
66 67
66 84
66 90
24 67
33 67
67 79
69 88
69 97
64 70
51 72
52 72
72 87
48 73
34 75
75 82
58 76
48 78
75 79
47 80
14 81
29 81
81 89
84 98
80 86
10 87
6 89
19 90
39 90
73 93
55 94
57 94
70 94
69 95
2 97
16 97
31 97
91 97
33 99
