100 125
0 9
1 46
2 90
3 84
4 7
4 34
4 52
4 55
4 83
4 98
5 93
6 10
6 33
6 44
6 63
8 95
9 28
11 99
12 13
12 16
13 21
1 15
16 22
16 34
1 18
18 35
19 62
19 94
20 59
22 36
23 49
23 60
24 72
27 99
30 45
25 33
34 92
38 56
39 41
38 40
14 41
42 53
42 67
43 53
26 46
46 71
11 47
47 56
44 49
8 50
40 50
15 52
23 52
50 52
52 77
17 53
53 69
53 74
1 55
33 55
55 61
55 62
12 56
56 85
56 88
57 78
57 82
5 58
20 58
54 59
61 64
63 97
30 65
43 65
51 65
65 70
66 89
2 67
19 67
65 67
67 87
67 69
59 70
70 80
72 88
3 73
27 73
61 73
67 73
73 86
41 74
47 75
75 79
18 77
48 77
17 79
79 90
29 80
68 85
0 86
4 86
32 86
86 96
21 88
57 88
75 88
81 88
88 91
66 90
76 90
31 92
92 96
6 94
37 94
42 94
39 95
58 95
72 95
73 95
77 95
10 96
43 97
24 98
33 99
98 99
