160 812
0 5
0 27
0 43
0 54
0 55
0 85
0 97
0 101
0 104
0 135
1 11
1 15
1 24
1 31
1 36
1 79
1 82
1 87
1 92
1 99
1 113
1 114
1 131
1 141
1 146
1 148
2 31
2 38
2 43
2 58
2 59
2 62
2 90
2 101
2 118
2 146
3 18
3 48
3 79
3 81
3 98
3 137
3 146
4 5
4 12
4 27
4 35
4 105
4 111
4 148
4 158
5 14
5 17
5 46
5 52
5 83
5 95
5 96
5 114
5 149
6 14
6 18
6 22
6 31
6 33
6 73
6 107
6 136
6 138
6 143
7 10
7 18
7 43
7 48
7 49
7 54
7 76
7 93
7 103
7 126
7 127
8 51
8 63
8 81
8 84
8 92
8 100
8 115
8 153
9 30
9 38
9 67
9 81
9 101
9 120
9 121
9 139
9 154
10 12
10 17
10 25
10 31
10 78
10 126
10 159
11 12
11 17
11 33
11 45
11 70
11 101
11 110
11 118
11 124
12 25
12 28
12 35
12 128
12 159
13 34
13 47
13 48
13 49
13 58
13 64
13 74
13 77
13 115
13 140
13 159
14 27
14 65
14 70
14 99
14 101
14 108
14 140
14 143
15 17
15 21
15 36
15 42
15 56
15 57
15 62
15 65
15 92
16 18
16 24
16 29
16 44
16 51
16 92
16 102
17 23
17 30
17 47
17 53
17 61
17 119
17 153
18 20
18 53
18 56
18 75
18 101
18 117
18 143
18 149
19 22
19 35
19 55
19 58
19 62
19 68
19 72
19 87
19 95
19 113
19 114
19 132
19 140
20 40
20 65
20 68
20 111
20 114
20 116
20 132
20 139
20 144
20 156
21 31
21 52
21 53
21 61
21 65
21 129
21 143
22 25
22 37
22 39
22 41
22 47
22 56
22 94
22 121
22 123
23 54
23 109
23 112
23 151
23 155
24 35
24 48
24 51
24 56
24 61
24 64
24 95
24 101
24 128
24 130
24 143
24 144
25 47
25 49
25 64
25 69
25 72
25 81
25 96
25 97
25 101
25 103
26 28
26 30
26 42
26 45
26 71
26 82
26 83
26 156
27 29
27 41
27 43
27 55
27 56
27 80
27 88
27 89
27 118
27 126
27 144
28 29
28 38
28 48
28 63
28 80
28 84
28 98
28 112
28 116
28 126
28 155
29 39
29 42
29 54
29 94
29 97
29 114
29 124
29 125
29 140
30 45
30 50
30 77
30 90
30 113
30 122
30 142
31 83
31 84
31 109
32 74
32 95
32 101
32 113
32 118
32 126
33 61
33 102
33 106
33 119
34 67
34 72
34 92
34 129
34 130
34 154
35 60
35 74
35 93
35 98
35 114
35 130
36 54
36 56
36 60
36 61
36 133
36 138
37 38
37 43
37 52
37 62
37 87
37 108
37 120
38 58
38 62
38 75
38 79
38 91
38 104
38 118
38 129
38 134
38 139
38 155
39 42
39 43
39 46
39 51
39 59
39 63
39 108
39 117
39 118
39 131
39 150
39 151
39 152
39 155
40 56
40 58
40 62
40 77
40 94
40 111
40 137
40 158
41 52
41 78
41 85
41 96
41 108
41 124
41 132
41 137
41 140
42 67
42 105
42 119
42 122
42 132
42 133
42 151
42 159
43 47
43 49
43 64
43 80
43 86
43 158
44 49
44 62
44 65
44 74
44 76
44 109
44 139
44 147
45 55
45 102
45 113
46 80
46 95
46 97
46 100
46 101
46 116
46 119
46 132
46 133
46 138
46 155
47 53
47 108
47 111
47 133
47 142
48 52
48 57
48 58
48 68
48 83
48 90
48 98
48 104
48 109
48 133
48 141
48 148
48 154
48 158
49 50
49 57
49 90
49 95
50 51
50 62
50 96
50 98
50 112
50 119
50 124
50 136
50 155
51 52
51 53
51 59
51 79
51 116
51 127
52 56
52 57
52 84
52 140
52 157
52 158
53 112
53 115
53 128
53 129
53 133
53 137
53 147
53 158
54 70
54 80
54 87
54 90
54 91
54 105
54 118
54 140
55 56
55 91
55 100
55 128
55 131
55 136
55 143
56 63
56 68
56 71
56 79
56 100
56 107
56 114
56 144
56 148
56 156
57 60
57 64
57 66
57 94
57 144
58 67
58 80
58 107
58 124
58 145
58 155
59 71
59 75
59 86
59 90
59 111
59 120
59 130
59 137
59 140
60 130
60 151
61 67
61 86
61 87
61 93
61 116
61 131
61 134
62 88
62 102
62 105
62 119
62 149
63 68
63 104
63 149
64 90
64 114
64 122
64 124
64 145
64 149
65 74
65 80
65 84
65 86
65 113
65 148
66 96
66 107
66 109
66 123
66 150
67 95
67 100
67 116
67 154
68 82
68 86
68 117
68 139
68 140
68 147
68 158
69 76
69 81
69 115
69 128
69 146
70 75
70 109
70 112
70 124
70 140
70 142
70 144
70 158
71 108
71 129
71 150
72 73
72 74
72 80
72 90
72 91
72 115
72 122
72 129
72 139
72 152
73 81
73 86
73 111
73 122
73 126
73 132
73 150
73 152
74 76
74 79
74 88
74 117
75 78
75 96
75 104
75 122
75 124
75 139
76 86
76 94
76 110
76 116
76 128
76 130
76 145
76 156
77 99
77 105
77 121
77 122
78 91
78 100
78 108
78 126
78 139
79 105
79 107
79 111
79 112
79 144
79 156
80 103
80 106
80 133
80 136
81 99
81 101
81 112
81 116
81 144
81 150
82 91
82 92
82 107
82 120
82 126
83 93
83 101
83 111
83 115
83 119
83 122
83 125
83 144
83 152
84 93
84 134
85 94
85 99
85 107
85 108
85 142
85 156
86 91
86 96
86 97
86 102
86 106
86 117
86 124
86 156
87 96
87 104
87 116
87 147
87 156
88 91
88 101
88 103
88 105
88 113
88 115
88 130
89 94
89 124
89 134
89 147
90 100
90 118
90 159
91 126
91 132
91 144
92 100
92 110
92 119
92 122
92 127
92 146
92 147
93 108
93 126
93 138
93 159
94 113
94 120
94 125
94 135
94 152
95 96
95 110
95 120
95 128
96 118
96 133
96 143
97 117
98 145
98 148
99 106
99 113
99 115
99 141
100 117
100 125
101 111
101 115
101 131
101 138
101 151
101 153
102 111
102 119
102 130
103 111
103 116
103 121
103 122
103 136
103 152
104 113
104 114
104 123
104 128
104 134
104 148
105 107
105 119
105 143
105 154
106 116
106 121
106 149
106 154
107 138
107 154
107 158
108 159
109 118
110 123
110 128
110 132
110 158
111 143
111 148
112 135
112 139
112 158
113 133
114 121
114 124
114 142
114 152
115 131
116 146
116 153
116 157
117 122
117 136
117 143
117 149
117 155
118 121
118 133
119 124
119 125
119 145
119 146
120 126
120 132
120 136
120 153
121 137
121 139
121 144
122 129
123 124
123 133
123 134
123 141
124 130
124 138
124 159
125 136
125 141
125 158
126 132
126 133
126 135
127 128
128 130
128 152
130 139
130 140
131 142
131 152
131 153
132 139
132 158
134 136
134 141
134 157
135 140
135 147
135 156
136 146
140 150
140 155
142 143
142 155
143 147
144 146
144 147
145 149
146 153
148 155
150 159
