160 812
0 16
0 21
0 54
0 77
0 84
0 93
0 130
0 132
0 150
0 151
1 14
1 67
1 84
1 89
1 99
1 106
1 131
1 159
2 15
2 34
2 39
2 64
2 71
2 76
2 82
2 93
2 133
2 152
3 26
3 64
3 76
3 88
3 113
3 141
4 13
4 17
4 43
4 79
4 95
4 99
4 110
4 126
4 138
5 18
5 29
5 36
5 56
5 60
5 61
5 64
5 80
5 103
5 105
5 116
5 118
5 137
5 155
6 19
6 27
6 40
6 52
6 54
6 62
6 74
6 75
6 93
6 101
6 110
6 120
6 130
6 146
6 158
7 31
7 35
7 62
7 69
7 100
7 118
7 119
7 129
7 155
8 18
8 36
8 39
8 49
8 50
8 83
8 85
8 109
8 113
8 121
8 122
8 125
8 127
8 150
8 151
9 45
9 82
9 91
9 94
9 107
9 116
9 125
9 138
9 146
9 153
10 26
10 44
10 50
10 69
10 83
10 87
10 96
10 97
10 108
10 111
10 116
10 139
10 146
10 149
10 158
11 44
11 58
11 74
11 93
11 112
11 113
11 125
11 134
11 136
11 153
12 43
12 54
12 65
12 69
12 73
12 103
12 105
12 107
12 117
12 129
12 156
12 159
13 14
13 17
13 22
13 30
13 54
13 58
13 65
13 75
13 82
13 87
13 103
13 109
13 121
13 141
13 148
14 36
14 40
14 52
14 57
14 77
14 86
14 106
14 121
14 134
14 152
15 20
15 33
15 39
15 79
15 105
15 110
15 128
15 141
15 143
15 156
16 32
16 35
16 38
16 45
16 68
16 82
16 83
16 103
16 136
16 150
17 37
17 38
17 75
17 112
17 116
17 127
18 27
18 38
18 50
18 74
18 97
18 114
18 135
18 151
18 158
19 89
19 102
19 110
19 125
19 132
19 141
20 29
20 30
20 69
20 110
20 124
20 154
21 30
21 46
21 59
21 105
21 128
21 144
22 25
22 26
22 40
22 54
22 64
22 138
23 54
23 60
23 62
23 79
23 89
23 144
23 150
24 49
24 62
24 72
24 73
24 74
24 103
24 112
24 125
24 126
24 139
24 143
25 69
25 71
25 78
25 100
25 125
25 142
25 149
26 33
26 39
26 58
26 69
26 79
26 100
26 111
26 116
26 120
26 132
26 149
27 42
27 67
27 74
27 85
27 86
27 87
27 91
27 101
27 114
27 116
27 117
27 124
27 136
27 144
27 149
28 29
28 38
28 47
28 97
28 127
28 142
29 34
29 37
29 95
29 103
29 107
29 144
29 148
30 54
30 57
30 63
30 67
30 68
30 70
30 79
30 83
30 84
30 94
30 99
30 115
30 117
30 127
30 128
30 129
31 58
31 63
31 88
31 122
32 35
32 86
32 93
32 98
32 114
32 135
32 136
32 142
32 143
33 35
33 62
33 86
33 93
33 101
33 108
33 142
34 39
34 57
34 62
34 80
34 86
34 89
34 99
34 102
34 116
34 117
34 136
34 155
35 47
35 88
35 99
35 100
35 118
35 142
35 146
35 147
35 148
35 149
35 159
36 64
36 87
36 96
36 102
36 114
36 132
36 137
36 148
36 158
36 159
37 76
37 103
37 124
37 130
37 132
37 145
38 43
38 49
38 51
38 64
38 71
38 74
38 75
38 92
38 96
38 103
38 105
38 117
38 118
38 137
38 149
39 47
39 55
39 61
39 77
39 85
39 103
39 105
39 125
39 136
39 139
39 145
39 152
40 42
40 46
40 56
40 58
40 61
40 94
40 116
40 121
40 131
40 153
41 43
41 47
41 48
41 52
41 58
41 69
41 85
41 133
41 135
41 150
41 156
41 159
42 65
42 67
42 83
42 88
42 100
42 129
42 139
42 145
43 61
43 77
43 80
43 82
43 104
43 106
43 111
43 118
43 119
43 151
43 155
44 77
44 80
44 83
44 86
44 88
44 108
44 119
44 122
44 139
44 145
45 50
45 59
45 63
45 67
45 74
45 117
45 122
45 153
46 65
46 68
46 85
46 104
46 106
46 110
46 112
47 65
47 130
47 141
47 150
48 60
48 65
48 76
48 82
48 85
48 89
48 112
48 131
48 133
48 157
49 68
49 86
49 103
49 129
49 139
49 148
49 150
49 154
50 70
50 73
50 157
51 61
51 65
51 67
51 87
51 90
51 107
51 135
51 141
51 155
51 159
52 80
52 82
52 88
52 95
52 152
52 157
53 75
53 85
53 111
53 116
53 121
53 129
54 56
54 82
54 97
54 120
54 135
54 137
55 65
55 70
55 73
55 81
55 108
55 113
55 125
55 143
55 150
56 110
56 115
56 117
56 135
56 159
57 63
57 154
58 99
58 104
58 119
58 127
59 65
59 87
59 93
59 142
60 97
60 136
60 151
61 95
61 97
61 117
61 131
61 133
61 139
61 145
61 155
62 137
62 155
63 78
63 101
63 111
63 119
63 139
63 154
64 72
64 119
64 136
64 148
65 85
65 90
65 115
65 138
66 68
66 102
66 112
66 117
67 86
67 93
67 114
67 133
67 136
67 140
67 141
68 87
68 132
69 137
69 156
70 104
70 107
70 116
70 154
71 78
71 99
71 107
71 130
71 142
71 144
71 147
71 157
72 77
72 87
72 91
72 113
73 76
73 86
73 108
73 129
73 131
73 153
73 155
73 157
74 104
74 108
74 123
74 130
75 108
75 129
75 150
76 81
76 83
76 93
76 112
76 123
76 136
76 158
77 80
77 86
77 89
77 123
77 138
77 147
77 152
77 156
78 85
78 97
78 104
78 117
78 123
79 117
79 128
79 148
80 91
80 120
80 134
81 85
81 95
81 100
81 104
81 116
81 142
81 144
81 153
81 157
82 100
82 104
82 107
82 118
82 121
82 128
82 138
83 110
83 113
83 153
84 85
84 97
84 150
84 152
85 97
85 104
85 106
85 154
86 139
87 91
88 110
88 127
88 128
88 132
88 148
88 156
89 91
89 93
89 106
89 146
90 108
90 112
90 122
90 136
90 159
91 134
92 100
92 107
92 110
92 141
92 142
92 143
93 124
93 142
93 143
94 136
94 145
95 106
95 118
95 144
95 155
96 109
96 147
97 107
97 145
98 99
98 113
99 137
100 105
100 112
100 125
100 142
101 102
101 106
101 112
101 139
102 103
102 106
102 108
102 115
102 116
102 121
102 122
102 125
102 158
103 123
103 141
103 155
104 115
104 146
105 114
105 137
105 149
105 153
106 109
106 144
108 142
109 119
109 126
109 135
109 158
110 125
110 126
110 132
110 137
110 147
110 154
110 157
111 137
111 146
111 151
111 153
112 135
112 157
113 114
113 124
113 129
114 121
114 131
115 117
115 121
115 129
115 137
116 127
116 147
116 158
118 138
119 129
119 149
119 152
120 135
120 153
121 132
121 159
122 131
122 150
123 137
124 125
124 147
124 158
125 131
125 150
125 153
125 155
126 139
126 141
126 145
127 140
127 154
128 134
129 156
130 144
130 157
131 143
131 148
131 151
132 152
133 145
133 146
133 156
134 141
134 149
134 150
137 155
137 156
141 151
142 146
142 150
143 156
143 158
144 148
146 159
147 155
150 152
150 156
151 154
153 155
153 156
