160 2544
0 6
0 8
0 11
0 13
0 25
0 26
0 44
0 46
0 47
0 59
0 61
0 68
0 69
0 72
0 76
0 78
0 85
0 87
0 91
0 97
0 100
0 108
0 115
0 121
0 125
0 130
0 134
0 142
0 143
0 155
1 19
1 20
1 26
1 30
1 32
1 36
1 37
1 39
1 45
1 52
1 57
1 59
1 60
1 69
1 87
1 98
1 104
1 107
1 111
1 114
1 122
1 130
1 131
1 133
1 134
1 135
1 147
1 152
1 153
1 157
2 6
2 9
2 18
2 27
2 33
2 34
2 35
2 42
2 46
2 56
2 58
2 68
2 69
2 70
2 79
2 88
2 93
2 96
2 108
2 110
2 116
2 118
2 120
2 123
2 124
2 127
2 133
2 143
2 144
2 154
2 155
2 157
3 10
3 11
3 12
3 16
3 21
3 25
3 28
3 30
3 35
3 40
3 44
3 46
3 52
3 53
3 57
3 59
3 72
3 75
3 77
3 89
3 95
3 96
3 100
3 105
3 107
3 108
3 118
3 127
3 133
3 138
3 140
3 146
3 148
4 6
4 10
4 11
4 15
4 20
4 23
4 24
4 31
4 32
4 38
4 40
4 41
4 47
4 52
4 56
4 64
4 70
4 77
4 84
4 88
4 93
4 110
4 117
4 125
4 127
4 131
4 132
4 142
4 144
4 147
4 148
4 149
4 152
4 156
4 157
4 159
5 15
5 17
5 26
5 32
5 37
5 38
5 42
5 51
5 52
5 54
5 69
5 74
5 79
5 80
5 81
5 84
5 90
5 99
5 106
5 108
5 110
5 119
5 129
5 130
5 133
5 134
5 140
5 142
5 144
5 150
6 12
6 14
6 17
6 26
6 27
6 28
6 31
6 32
6 33
6 34
6 36
6 42
6 47
6 50
6 51
6 58
6 63
6 68
6 73
6 75
6 78
6 80
6 89
6 90
6 92
6 95
6 96
6 101
6 112
6 115
6 122
6 125
6 128
6 141
6 150
6 157
6 158
7 8
7 12
7 14
7 22
7 24
7 25
7 29
7 33
7 36
7 38
7 39
7 41
7 49
7 57
7 58
7 60
7 61
7 66
7 67
7 68
7 69
7 75
7 80
7 95
7 99
7 104
7 113
7 114
7 127
7 129
7 135
7 148
7 149
8 10
8 14
8 18
8 21
8 26
8 29
8 33
8 37
8 38
8 52
8 54
8 56
8 57
8 58
8 74
8 79
8 81
8 89
8 96
8 105
8 109
8 116
8 117
8 127
8 138
8 146
8 148
8 149
8 155
9 10
9 11
9 19
9 27
9 39
9 45
9 50
9 55
9 56
9 63
9 67
9 82
9 83
9 88
9 93
9 96
9 108
9 112
9 115
9 118
9 125
9 127
9 135
9 143
9 145
9 148
9 151
9 153
9 158
10 19
10 27
10 38
10 40
10 44
10 49
10 57
10 60
10 67
10 71
10 77
10 82
10 86
10 92
10 94
10 103
10 106
10 110
10 127
10 135
10 142
10 144
10 145
10 146
10 150
10 158
11 12
11 13
11 18
11 24
11 31
11 33
11 34
11 37
11 52
11 54
11 55
11 61
11 66
11 67
11 80
11 83
11 94
11 96
11 97
11 98
11 101
11 103
11 104
11 109
11 111
11 112
11 113
11 118
11 124
11 125
11 133
11 137
11 139
11 142
11 145
11 146
11 147
11 153
11 155
11 159
12 17
12 23
12 25
12 46
12 48
12 50
12 52
12 64
12 67
12 69
12 81
12 82
12 84
12 89
12 93
12 94
12 97
12 99
12 113
12 121
12 122
12 127
12 128
12 131
12 133
12 146
12 149
12 154
12 157
13 14
13 16
13 19
13 22
13 26
13 31
13 33
13 34
13 50
13 51
13 53
13 55
13 62
13 68
13 72
13 73
13 74
13 81
13 89
13 95
13 96
13 109
13 111
13 123
13 125
13 137
13 140
13 145
13 151
14 19
14 25
14 29
14 31
14 51
14 52
14 66
14 73
14 74
14 77
14 78
14 81
14 93
14 94
14 97
14 99
14 106
14 111
14 114
14 117
14 121
14 127
14 128
14 137
14 138
14 141
14 144
14 145
14 149
14 154
14 156
14 159
15 17
15 22
15 23
15 27
15 30
15 32
15 35
15 40
15 43
15 53
15 58
15 79
15 84
15 85
15 92
15 98
15 99
15 101
15 104
15 112
15 114
15 125
15 129
15 132
15 134
15 136
15 137
15 149
15 152
15 155
15 156
15 158
16 23
16 29
16 37
16 41
16 49
16 51
16 57
16 67
16 76
16 78
16 80
16 85
16 86
16 89
16 91
16 102
16 104
16 109
16 120
16 129
16 140
16 143
16 146
16 152
16 153
16 155
16 156
16 158
17 21
17 31
17 38
17 46
17 50
17 52
17 57
17 61
17 64
17 70
17 71
17 74
17 81
17 91
17 99
17 109
17 116
17 129
17 132
17 136
18 19
18 22
18 30
18 32
18 34
18 38
18 50
18 55
18 65
18 71
18 75
18 81
18 89
18 93
18 97
18 103
18 127
18 132
18 139
18 140
18 145
18 147
18 151
18 154
19 23
19 27
19 28
19 31
19 33
19 35
19 48
19 58
19 60
19 61
19 71
19 84
19 86
19 94
19 97
19 113
19 114
19 116
19 119
19 129
19 139
19 140
19 145
19 147
19 150
19 155
20 25
20 26
20 29
20 36
20 37
20 44
20 52
20 55
20 67
20 71
20 72
20 75
20 83
20 84
20 90
20 91
20 99
20 101
20 102
20 106
20 115
20 137
20 144
20 149
20 154
20 155
20 158
21 23
21 24
21 33
21 42
21 44
21 49
21 51
21 56
21 70
21 75
21 79
21 81
21 85
21 86
21 89
21 90
21 91
21 92
21 94
21 106
21 119
21 126
21 129
21 138
21 140
21 146
21 151
21 159
22 29
22 38
22 40
22 42
22 44
22 59
22 64
22 71
22 73
22 80
22 83
22 84
22 88
22 89
22 90
22 93
22 95
22 96
22 101
22 102
22 106
22 107
22 124
22 125
22 132
22 135
22 141
22 149
22 154
22 158
22 159
23 32
23 34
23 38
23 44
23 51
23 54
23 55
23 58
23 62
23 63
23 64
23 73
23 77
23 80
23 83
23 84
23 89
23 90
23 106
23 115
23 118
23 123
23 124
23 138
23 142
23 147
23 148
24 27
24 29
24 38
24 42
24 57
24 71
24 72
24 80
24 81
24 82
24 95
24 98
24 100
24 111
24 114
24 119
24 120
24 132
24 145
24 154
24 157
24 158
24 159
25 43
25 44
25 51
25 53
25 56
25 60
25 68
25 69
25 75
25 76
25 78
25 88
25 92
25 93
25 118
25 129
25 142
25 144
25 149
25 151
25 156
26 43
26 48
26 54
26 63
26 73
26 75
26 78
26 85
26 87
26 93
26 95
26 96
26 109
26 110
26 112
26 115
26 126
26 128
26 129
26 131
26 140
26 141
26 142
26 143
26 146
26 149
26 151
26 159
27 31
27 34
27 35
27 43
27 45
27 51
27 54
27 56
27 61
27 78
27 80
27 83
27 108
27 112
27 113
27 121
27 125
27 127
27 129
27 132
27 148
27 150
27 153
28 35
28 43
28 53
28 54
28 57
28 59
28 64
28 72
28 74
28 79
28 80
28 81
28 91
28 101
28 102
28 107
28 110
28 112
28 114
28 122
28 126
28 149
28 151
28 154
28 158
29 30
29 33
29 35
29 36
29 43
29 45
29 46
29 49
29 55
29 56
29 82
29 85
29 91
29 96
29 115
29 142
29 150
29 156
30 36
30 39
30 46
30 49
30 51
30 56
30 58
30 59
30 65
30 69
30 70
30 83
30 84
30 87
30 88
30 89
30 97
30 101
30 105
30 107
30 111
30 113
30 122
30 127
30 128
30 134
30 136
30 137
30 141
30 142
30 146
30 152
30 156
31 36
31 46
31 50
31 52
31 56
31 63
31 66
31 67
31 70
31 72
31 83
31 84
31 93
31 100
31 107
31 108
31 110
31 113
31 116
31 117
31 126
31 129
31 131
31 143
31 145
31 146
31 152
31 157
31 158
32 37
32 42
32 47
32 48
32 50
32 51
32 56
32 65
32 71
32 81
32 88
32 91
32 92
32 97
32 108
32 109
32 110
32 119
32 123
32 125
32 130
32 133
32 135
32 139
32 144
32 149
32 155
32 156
32 157
33 42
33 48
33 49
33 65
33 66
33 67
33 82
33 97
33 99
33 102
33 114
33 116
33 117
33 127
33 129
33 139
33 141
33 149
33 155
33 159
34 37
34 39
34 40
34 46
34 48
34 49
34 53
34 55
34 56
34 62
34 70
34 77
34 80
34 87
34 104
34 110
34 114
34 117
34 120
34 128
34 143
34 144
34 146
34 148
34 158
35 36
35 38
35 45
35 46
35 47
35 49
35 52
35 54
35 63
35 66
35 77
35 84
35 95
35 98
35 101
35 114
35 115
35 116
35 119
35 120
35 134
35 144
35 145
36 37
36 49
36 51
36 58
36 64
36 65
36 68
36 75
36 81
36 87
36 88
36 91
36 92
36 93
36 98
36 99
36 101
36 109
36 110
36 111
36 120
36 122
36 123
36 125
36 132
36 136
36 147
36 148
36 156
36 158
37 39
37 47
37 50
37 51
37 73
37 77
37 79
37 82
37 83
37 93
37 95
37 96
37 102
37 107
37 119
37 120
37 122
37 127
37 128
37 129
37 130
37 143
37 145
37 147
37 153
38 39
38 40
38 43
38 45
38 47
38 48
38 51
38 54
38 58
38 61
38 62
38 63
38 66
38 68
38 75
38 79
38 90
38 93
38 96
38 98
38 99
38 100
38 115
38 120
38 132
38 134
38 144
38 148
38 149
38 150
39 40
39 42
39 43
39 52
39 56
39 62
39 64
39 68
39 74
39 76
39 83
39 104
39 105
39 106
39 108
39 111
39 112
39 113
39 116
39 120
39 124
39 125
39 131
39 133
39 135
39 136
40 41
40 50
40 55
40 64
40 65
40 66
40 74
40 81
40 82
40 88
40 96
40 97
40 103
40 113
40 117
40 118
40 119
40 126
40 131
40 145
40 150
40 154
41 47
41 59
41 62
41 74
41 78
41 79
41 81
41 84
41 90
41 93
41 98
41 100
41 102
41 105
41 109
41 120
41 122
41 131
41 132
41 134
41 136
41 139
41 146
41 149
41 154
42 43
42 49
42 53
42 58
42 63
42 74
42 77
42 82
42 94
42 96
42 100
42 108
42 110
42 111
42 112
42 113
42 117
42 118
42 129
42 134
42 135
42 156
42 159
43 49
43 55
43 57
43 58
43 59
43 60
43 62
43 66
43 70
43 71
43 82
43 85
43 92
43 94
43 95
43 96
43 100
43 101
43 102
43 105
43 107
43 111
43 120
43 125
43 129
43 137
43 144
43 146
43 149
44 45
44 54
44 56
44 73
44 78
44 80
44 83
44 85
44 89
44 94
44 106
44 115
44 121
44 123
44 129
44 138
44 141
44 147
44 153
44 155
44 159
45 50
45 60
45 62
45 65
45 66
45 68
45 70
45 71
45 80
45 84
45 90
45 96
45 99
45 102
45 109
45 111
45 113
45 114
45 115
45 148
45 153
45 155
45 156
45 159
46 50
46 56
46 60
46 69
46 73
46 76
46 83
46 85
46 89
46 91
46 102
46 113
46 117
46 120
46 127
46 131
46 143
46 153
46 157
46 159
47 51
47 67
47 68
47 70
47 76
47 82
47 87
47 88
47 93
47 98
47 111
47 112
47 114
47 115
47 130
47 132
47 137
47 140
47 141
47 151
47 152
48 55
48 61
48 64
48 72
48 76
48 80
48 84
48 90
48 92
48 98
48 99
48 101
48 108
48 112
48 115
48 127
48 131
48 142
48 149
49 57
49 60
49 64
49 68
49 76
49 81
49 83
49 88
49 99
49 100
49 103
49 107
49 125
49 127
49 129
49 133
49 138
49 139
49 140
49 152
49 154
49 157
50 52
50 53
50 55
50 58
50 62
50 74
50 75
50 78
50 84
50 87
50 90
50 98
50 102
50 113
50 120
50 121
50 122
50 125
50 131
50 137
50 138
50 144
50 153
51 53
51 57
51 59
51 66
51 67
51 83
51 87
51 93
51 97
51 102
51 107
51 108
51 118
51 120
51 123
51 124
51 127
51 128
51 129
51 132
51 133
51 134
51 135
51 144
51 153
52 53
52 56
52 58
52 60
52 65
52 66
52 69
52 73
52 85
52 94
52 97
52 110
52 118
52 120
52 121
52 133
52 139
52 140
52 143
52 144
52 151
52 157
53 55
53 56
53 65
53 72
53 79
53 83
53 105
53 118
53 119
53 122
53 124
53 134
53 136
53 141
53 150
53 151
53 154
53 156
53 159
54 61
54 77
54 78
54 92
54 93
54 98
54 112
54 113
54 114
54 121
54 133
54 139
54 140
55 62
55 65
55 66
55 67
55 68
55 77
55 86
55 87
55 88
55 92
55 95
55 97
55 98
55 99
55 102
55 107
55 112
55 113
55 121
55 124
55 127
55 130
55 131
55 133
55 134
55 142
55 153
55 155
56 57
56 66
56 68
56 72
56 77
56 79
56 88
56 89
56 99
56 106
56 107
56 108
56 109
56 112
56 113
56 117
56 120
56 130
56 138
56 157
57 58
57 67
57 76
57 78
57 81
57 84
57 90
57 97
57 105
57 109
57 113
57 114
57 123
57 128
57 133
57 134
57 136
57 139
57 140
57 148
58 62
58 63
58 65
58 66
58 72
58 74
58 77
58 80
58 83
58 87
58 92
58 94
58 99
58 104
58 109
58 117
58 141
58 143
58 146
59 60
59 61
59 67
59 70
59 72
59 76
59 80
59 82
59 87
59 88
59 89
59 95
59 102
59 103
59 111
59 120
59 122
59 136
59 139
59 141
59 142
59 145
59 150
59 154
59 156
59 157
60 66
60 72
60 73
60 75
60 76
60 84
60 92
60 93
60 94
60 98
60 100
60 104
60 109
60 115
60 116
60 119
60 121
60 133
60 139
60 140
60 141
60 147
60 148
60 159
61 62
61 75
61 78
61 82
61 83
61 90
61 96
61 98
61 99
61 101
61 103
61 105
61 108
61 111
61 119
61 122
61 124
61 128
61 136
61 144
61 146
61 147
61 152
61 155
61 157
62 71
62 85
62 86
62 87
62 93
62 94
62 97
62 110
62 120
62 124
62 133
62 134
62 141
62 150
62 154
62 156
62 158
63 64
63 71
63 73
63 74
63 80
63 81
63 83
63 85
63 93
63 101
63 102
63 106
63 110
63 111
63 116
63 117
63 120
63 121
63 123
63 131
63 132
63 137
63 151
63 155
63 157
64 66
64 68
64 69
64 87
64 93
64 98
64 99
64 109
64 112
64 113
64 129
64 140
64 143
64 146
64 148
64 151
64 152
64 156
64 158
65 79
65 86
65 91
65 92
65 100
65 105
65 108
65 114
65 115
65 118
65 119
65 127
65 133
65 135
65 136
65 137
65 143
65 146
65 148
65 157
65 158
66 82
66 83
66 85
66 86
66 87
66 89
66 110
66 118
66 119
66 120
66 128
66 133
66 143
66 152
66 156
66 159
67 69
67 70
67 79
67 87
67 88
67 103
67 105
67 107
67 121
67 133
67 142
67 156
68 73
68 80
68 85
68 86
68 93
68 116
68 119
68 125
68 130
68 138
68 142
68 143
68 148
68 155
69 70
69 71
69 75
69 77
69 80
69 84
69 90
69 96
69 99
69 102
69 103
69 112
69 113
69 124
69 127
69 129
69 133
69 137
69 138
69 144
69 146
69 150
69 158
70 74
70 80
70 86
70 90
70 98
70 104
70 105
70 110
70 115
70 127
70 136
70 139
70 146
70 147
70 148
70 151
71 74
71 77
71 81
71 90
71 91
71 92
71 100
71 117
71 125
71 126
71 134
71 139
71 142
71 148
71 151
71 152
71 156
72 73
72 75
72 76
72 79
72 84
72 88
72 89
72 92
72 99
72 105
72 108
72 118
72 122
72 124
72 136
72 144
72 152
72 153
72 156
73 75
73 77
73 82
73 91
73 102
73 104
73 106
73 108
73 113
73 121
73 134
73 135
73 139
73 140
73 148
73 154
74 76
74 78
74 79
74 82
74 88
74 89
74 90
74 92
74 95
74 101
74 103
74 106
74 114
74 115
74 118
74 122
74 124
74 125
74 128
74 130
74 134
74 137
74 141
74 147
74 149
74 151
75 76
75 79
75 93
75 127
75 128
75 132
75 133
75 140
75 142
75 146
75 153
75 155
76 85
76 86
76 91
76 95
76 98
76 101
76 111
76 116
76 117
76 122
76 136
76 143
76 144
76 148
76 150
77 78
77 82
77 83
77 86
77 89
77 93
77 94
77 101
77 105
77 108
77 109
77 113
77 124
77 130
77 132
77 142
77 144
77 150
77 151
77 152
77 154
78 79
78 86
78 96
78 107
78 108
78 131
78 135
78 136
78 147
78 148
78 150
78 153
78 158
79 81
79 84
79 85
79 87
79 89
79 90
79 94
79 100
79 101
79 109
79 112
79 113
79 116
79 119
79 120
79 121
79 123
79 126
79 138
79 142
79 143
79 154
79 155
79 158
80 83
80 93
80 104
80 108
80 110
80 114
80 120
80 124
80 136
80 139
80 150
80 158
81 95
81 100
81 101
81 105
81 108
81 110
81 112
81 118
81 119
81 127
81 130
81 133
81 150
81 153
81 157
82 86
82 91
82 108
82 110
82 115
82 116
82 117
82 121
82 122
82 126
82 128
82 132
82 138
82 142
82 148
82 150
82 153
83 86
83 90
83 96
83 104
83 112
83 122
83 126
83 128
83 136
83 137
83 139
83 151
84 85
84 86
84 100
84 101
84 103
84 111
84 119
84 120
84 122
84 126
84 135
84 144
84 152
84 157
84 159
85 92
85 101
85 108
85 114
85 128
85 130
85 138
85 142
85 147
85 151
85 154
85 158
86 87
86 89
86 103
86 110
86 114
86 116
86 122
86 123
86 126
86 129
86 142
86 143
86 149
86 150
86 153
87 91
87 96
87 98
87 104
87 114
87 136
87 137
87 148
87 149
87 159
88 94
88 110
88 113
88 114
88 116
88 129
88 133
88 135
88 144
88 147
88 152
89 92
89 95
89 97
89 102
89 108
89 113
89 114
89 125
89 136
89 143
89 144
89 150
89 151
89 159
90 93
90 100
90 101
90 102
90 109
90 121
90 123
90 128
90 144
90 155
91 98
91 101
91 118
91 127
91 128
91 136
91 144
91 145
91 150
91 152
92 93
92 99
92 100
92 115
92 118
92 126
92 136
92 151
92 152
92 153
92 154
92 158
93 97
93 103
93 111
93 112
93 124
93 137
93 138
93 139
93 144
93 146
93 147
93 149
93 157
93 158
93 159
94 95
94 103
94 111
94 112
94 117
94 134
94 138
94 142
94 149
94 151
94 155
95 96
95 102
95 103
95 105
95 106
95 110
95 124
95 125
95 128
95 132
95 136
95 140
95 142
95 146
95 148
95 154
95 155
95 157
96 109
96 125
96 131
96 140
96 141
96 142
96 152
96 155
96 158
97 104
97 116
97 123
97 142
97 144
97 147
97 153
97 154
98 116
98 118
98 123
98 125
98 132
98 141
98 148
98 153
98 154
99 100
99 101
99 102
99 110
99 111
99 113
99 116
99 118
99 120
99 127
99 128
99 130
99 134
99 144
99 150
99 154
99 157
99 159
100 102
100 113
100 123
100 127
100 130
100 133
100 138
100 140
100 152
100 154
100 157
100 158
101 105
101 114
101 115
101 120
101 124
101 134
101 135
101 138
101 139
101 141
101 149
101 150
101 154
101 156
102 104
102 109
102 111
102 121
102 125
102 127
102 132
102 133
102 138
102 139
102 140
102 149
103 111
103 114
103 117
103 122
103 126
103 130
103 144
103 145
103 146
103 157
103 158
104 109
104 111
104 113
104 121
104 122
104 123
104 127
104 132
104 138
104 140
104 141
104 142
104 145
104 148
104 150
104 154
105 107
105 113
105 116
105 127
105 130
105 139
105 155
106 109
106 111
106 112
106 120
106 122
106 130
106 135
106 142
106 148
107 110
107 121
107 122
107 127
107 128
107 131
107 133
107 136
107 146
107 149
107 156
108 116
108 124
108 125
108 127
108 132
108 135
108 141
108 143
108 144
108 145
108 146
108 147
108 151
108 158
109 116
109 117
109 128
109 129
109 142
109 147
109 153
109 156
109 158
110 112
110 123
110 127
110 131
110 137
110 139
110 149
110 154
110 156
111 112
111 115
111 121
111 122
111 125
111 131
111 140
111 143
111 146
111 155
111 159
112 116
112 118
112 123
112 131
112 133
112 135
112 142
112 143
112 146
112 148
112 158
113 121
113 125
113 127
113 131
113 135
113 152
113 154
114 117
114 118
114 122
114 127
114 128
114 129
114 148
114 154
115 123
115 126
115 127
115 132
115 143
115 146
115 149
115 154
115 156
115 158
116 118
116 120
116 122
116 124
116 126
116 133
116 138
116 139
116 146
116 149
116 153
116 155
117 119
117 142
117 144
117 151
117 157
117 158
118 122
118 123
118 127
118 137
118 138
118 139
118 140
118 145
118 157
118 158
119 120
119 124
119 128
119 133
119 140
119 142
119 154
119 158
120 126
120 132
120 133
120 137
120 138
120 142
120 143
120 158
121 122
121 126
121 127
121 128
121 133
121 136
121 138
121 152
121 153
122 129
122 133
122 143
122 153
122 159
123 124
123 129
123 131
123 134
123 138
123 145
123 146
123 149
123 152
123 154
123 156
123 159
124 127
124 149
124 152
125 126
125 128
125 129
125 132
125 138
125 142
125 143
125 144
125 145
125 151
126 128
126 129
126 130
126 131
126 145
126 146
127 132
127 137
127 140
127 141
127 142
127 144
127 147
127 156
128 133
128 139
128 155
128 156
128 157
129 130
129 136
129 139
129 147
129 158
129 159
130 136
130 140
130 145
130 149
130 154
130 158
130 159
131 134
131 136
131 141
131 144
131 147
131 151
132 136
132 143
132 146
132 147
132 152
132 158
133 142
133 146
134 139
134 145
134 157
135 140
135 152
135 155
135 159
136 141
136 143
136 145
136 150
136 154
136 156
136 158
136 159
137 154
137 158
138 142
138 144
138 152
138 157
139 143
139 153
140 145
141 144
141 149
141 151
142 144
142 158
143 144
144 147
144 153
144 155
145 152
145 154
146 147
146 149
147 152
148 150
148 155
148 159
149 150
149 153
150 159
151 153
152 153
153 158
155 158
156 158
