160 812
0 7
0 10
0 16
0 25
0 38
0 39
0 41
0 43
0 51
0 81
0 99
0 113
0 115
0 128
0 135
0 136
1 2
1 6
1 25
1 59
1 75
1 102
1 106
1 107
1 130
1 140
2 28
2 29
2 92
2 96
2 135
3 14
3 23
3 35
3 37
3 51
3 55
3 71
3 88
3 118
3 124
3 132
3 139
3 148
3 152
4 40
4 42
4 64
4 71
4 78
4 83
4 108
4 109
4 113
4 116
4 152
5 14
5 31
5 41
5 75
5 77
5 80
5 105
5 116
5 133
5 140
5 146
6 9
6 14
6 17
6 37
6 68
6 74
6 86
6 92
6 106
6 121
7 19
7 30
7 37
7 44
7 79
7 80
7 81
7 84
7 86
7 95
7 158
8 45
8 73
8 74
8 85
8 140
9 24
9 29
9 33
9 45
9 51
9 113
9 128
9 132
10 22
10 29
10 44
10 47
10 73
10 98
10 103
10 107
10 118
10 127
10 128
10 147
11 12
11 22
11 30
11 40
11 66
11 74
11 87
11 105
11 134
11 140
12 18
12 19
12 25
12 45
12 70
12 84
12 144
13 19
13 30
13 55
13 88
13 109
13 126
13 137
13 149
14 22
14 23
14 38
14 57
14 58
14 61
14 76
14 81
14 89
14 92
14 107
14 114
14 150
14 152
14 154
15 16
15 17
15 52
15 63
15 74
15 84
15 88
15 108
15 122
15 133
15 138
16 20
16 21
16 29
16 35
16 59
16 60
16 76
16 78
16 83
16 108
16 122
16 127
16 144
16 148
17 61
17 80
17 97
17 106
17 112
17 154
18 55
18 93
18 121
18 131
18 144
18 150
18 158
19 45
19 48
19 57
19 77
19 79
19 82
19 89
19 90
19 94
19 101
19 105
19 106
19 127
19 142
19 157
20 21
20 24
20 34
20 37
20 80
20 82
20 85
20 135
20 138
20 147
20 148
20 152
21 35
21 62
22 43
22 44
22 53
22 68
22 69
22 75
22 80
22 88
22 91
22 105
22 107
22 116
23 25
23 32
23 51
23 53
23 68
23 71
23 73
23 80
23 103
23 112
23 141
24 25
24 27
24 37
24 47
24 76
24 91
24 97
24 120
24 135
25 44
25 53
25 59
25 66
25 88
25 97
25 98
25 123
25 157
26 61
26 106
26 108
26 128
26 131
26 148
26 149
27 28
27 63
27 70
27 81
27 82
27 139
28 96
28 117
28 129
28 132
28 136
28 140
28 147
29 37
29 82
29 84
29 101
29 135
29 140
29 142
29 150
29 158
30 36
30 38
30 39
30 41
30 55
30 58
30 62
30 64
30 72
30 79
30 81
30 107
30 114
30 121
30 123
30 134
30 159
31 35
31 43
31 58
31 81
31 87
31 145
31 159
32 39
32 50
32 65
32 76
32 85
32 102
32 110
32 115
32 119
32 153
33 38
33 62
33 69
33 71
33 83
33 87
33 103
33 134
33 138
33 153
33 156
33 158
34 39
34 44
34 48
34 56
34 85
34 96
34 103
34 108
34 130
35 40
35 42
35 52
35 74
35 99
36 59
36 61
36 89
36 129
36 152
37 75
37 106
37 112
37 139
37 144
37 145
37 151
37 156
38 45
38 50
38 52
38 72
38 87
38 92
38 96
38 122
38 140
38 149
38 154
39 45
39 60
39 64
39 87
39 118
39 126
39 136
40 72
40 74
40 99
40 100
40 144
40 149
41 50
41 79
41 112
42 50
42 55
42 59
42 73
42 121
42 122
42 149
43 51
43 55
43 65
43 69
43 83
43 122
43 129
43 132
43 135
43 158
44 82
44 86
44 90
44 123
44 140
44 159
45 55
45 66
45 77
45 97
45 108
45 109
45 110
45 119
45 129
45 139
45 142
45 143
45 156
46 58
46 81
46 95
46 103
46 115
46 119
46 120
46 129
46 151
46 156
47 66
47 68
47 74
47 82
47 98
47 103
47 128
47 134
47 146
47 147
48 54
48 64
48 117
49 59
49 79
49 113
49 141
49 149
49 152
50 106
50 128
50 136
51 85
51 124
51 158
52 58
52 115
52 128
52 141
53 57
53 77
53 79
53 84
53 92
53 97
53 100
53 128
53 136
53 144
53 148
54 72
54 85
54 100
54 114
54 128
54 129
54 141
54 152
54 155
55 98
55 100
56 59
56 60
56 62
56 85
56 105
56 116
56 123
56 131
56 157
57 82
57 95
57 115
57 118
57 136
57 148
57 149
58 64
58 67
58 69
58 72
58 113
58 131
58 134
58 136
58 154
59 61
59 71
59 87
59 125
59 132
59 140
60 76
60 111
60 112
60 126
62 79
62 91
62 92
62 109
62 147
63 142
63 153
63 158
64 73
64 100
64 135
65 83
65 103
65 105
65 139
65 146
66 75
66 76
66 78
66 99
66 102
66 130
66 150
67 71
67 83
67 95
67 107
67 116
67 133
68 91
68 136
68 138
68 145
69 80
69 88
69 124
69 125
69 133
69 147
70 83
70 90
70 96
70 105
70 128
71 98
71 115
71 128
71 129
71 134
72 74
72 107
72 128
72 150
73 77
73 98
73 119
73 125
73 126
73 149
74 79
74 84
74 85
74 98
74 131
74 132
74 137
75 81
75 83
75 84
75 98
75 144
75 156
76 77
76 84
76 104
76 152
77 84
77 135
77 136
77 141
77 144
77 145
77 158
78 80
78 85
78 91
78 124
78 126
78 148
78 150
79 80
79 91
79 98
80 81
80 82
80 103
80 133
81 84
81 101
81 104
81 112
81 118
81 120
81 126
81 142
81 155
82 106
82 142
82 156
83 94
83 99
83 115
84 85
84 94
84 97
84 102
84 104
84 155
85 86
85 95
85 98
85 107
85 151
86 100
86 111
87 93
87 94
87 121
87 145
87 157
88 89
88 108
88 141
88 145
89 104
89 113
89 114
89 116
89 150
91 112
91 114
91 116
91 138
92 96
92 117
92 124
92 133
92 140
92 142
92 148
93 138
93 140
93 156
94 114
94 125
94 129
94 132
94 139
95 115
95 157
96 100
96 111
97 101
97 121
97 132
98 102
98 140
98 149
99 114
99 130
99 149
99 155
100 109
100 123
100 126
100 138
100 154
101 105
101 114
101 129
101 143
101 145
101 155
102 120
102 129
102 140
102 143
102 156
103 104
103 117
103 137
103 146
104 120
104 136
104 144
104 159
105 116
105 122
105 130
105 154
106 119
106 122
106 132
106 133
106 152
106 158
107 136
107 140
108 122
108 139
108 140
108 148
109 129
109 132
109 142
109 147
110 112
110 123
110 149
110 153
110 154
111 121
111 124
111 159
112 143
113 121
113 139
113 144
115 142
115 150
116 122
116 130
117 120
117 127
117 136
117 137
117 145
117 150
117 156
118 123
118 125
118 133
119 141
119 149
120 146
120 147
120 152
123 125
123 127
123 141
123 150
124 138
124 145
124 150
125 127
125 131
125 139
126 147
126 157
127 128
127 144
127 146
128 134
128 139
128 140
128 145
129 137
129 145
129 153
129 155
132 149
133 138
133 146
133 156
134 136
134 140
134 142
134 152
134 154
135 152
136 155
139 149
141 144
141 146
141 150
143 157
144 157
150 155
151 154
154 157
