160 2544
0 3
0 6
0 11
0 23
0 24
0 30
0 36
0 46
0 52
0 56
0 65
0 73
0 76
0 88
0 100
0 105
0 110
0 112
0 116
0 117
0 118
0 122
0 128
0 136
0 139
0 141
0 153
1 9
1 15
1 24
1 33
1 38
1 40
1 42
1 44
1 45
1 49
1 54
1 56
1 58
1 60
1 62
1 63
1 66
1 70
1 81
1 91
1 98
1 103
1 107
1 111
1 116
1 123
1 127
1 132
1 138
1 140
1 144
1 145
1 146
1 149
1 153
1 157
2 7
2 13
2 23
2 30
2 34
2 58
2 62
2 64
2 76
2 91
2 93
2 107
2 114
2 119
2 120
2 126
2 128
2 139
2 143
2 144
2 145
2 150
2 152
2 153
2 154
2 156
2 157
3 10
3 12
3 14
3 16
3 20
3 27
3 29
3 35
3 37
3 42
3 47
3 51
3 53
3 60
3 67
3 68
3 81
3 84
3 88
3 99
3 105
3 107
3 145
3 147
3 148
3 150
3 159
4 7
4 20
4 31
4 53
4 63
4 65
4 69
4 70
4 71
4 74
4 77
4 93
4 99
4 100
4 108
4 113
4 114
4 118
4 125
4 129
4 140
4 143
4 154
5 11
5 19
5 22
5 33
5 39
5 45
5 47
5 52
5 56
5 59
5 67
5 68
5 72
5 74
5 77
5 82
5 83
5 85
5 86
5 90
5 93
5 95
5 102
5 104
5 110
5 118
5 120
5 125
5 131
5 149
5 156
6 8
6 20
6 23
6 27
6 34
6 36
6 39
6 42
6 46
6 47
6 55
6 56
6 68
6 69
6 72
6 73
6 75
6 77
6 98
6 102
6 107
6 114
6 116
6 119
6 122
6 133
6 136
6 139
6 142
6 154
6 159
7 17
7 19
7 23
7 25
7 36
7 48
7 57
7 82
7 86
7 90
7 91
7 92
7 96
7 103
7 106
7 123
7 125
7 129
7 130
7 131
7 134
7 135
7 136
7 137
7 158
8 9
8 19
8 20
8 36
8 47
8 55
8 58
8 61
8 62
8 65
8 72
8 79
8 83
8 84
8 94
8 95
8 118
8 119
8 128
8 129
8 130
8 135
8 144
8 147
8 148
8 149
8 151
8 158
9 12
9 15
9 20
9 26
9 27
9 30
9 31
9 35
9 38
9 43
9 54
9 55
9 59
9 60
9 62
9 65
9 69
9 75
9 77
9 79
9 80
9 81
9 84
9 92
9 95
9 100
9 101
9 104
9 108
9 120
9 121
9 132
9 138
9 140
9 141
9 142
9 144
9 145
9 151
9 157
10 16
10 19
10 25
10 26
10 30
10 36
10 41
10 43
10 46
10 56
10 59
10 60
10 61
10 63
10 65
10 68
10 75
10 76
10 80
10 83
10 93
10 98
10 100
10 105
10 123
10 126
10 128
10 140
10 145
10 148
10 155
11 16
11 17
11 25
11 36
11 51
11 55
11 58
11 72
11 77
11 79
11 80
11 90
11 104
11 106
11 108
11 115
11 116
11 127
11 129
11 131
11 132
11 139
11 140
11 141
11 148
11 151
12 16
12 18
12 26
12 29
12 37
12 41
12 50
12 51
12 68
12 69
12 70
12 71
12 72
12 74
12 77
12 79
12 81
12 86
12 87
12 91
12 94
12 97
12 102
12 104
12 106
12 123
12 124
12 139
12 141
12 142
12 146
12 147
12 152
12 154
12 155
12 157
12 159
13 18
13 21
13 32
13 39
13 40
13 43
13 49
13 54
13 55
13 60
13 63
13 64
13 72
13 77
13 86
13 97
13 106
13 109
13 110
13 116
13 125
13 131
13 132
13 136
13 138
13 141
13 146
13 149
13 151
13 154
13 157
14 15
14 16
14 18
14 21
14 32
14 34
14 37
14 43
14 45
14 48
14 54
14 55
14 56
14 60
14 73
14 82
14 84
14 96
14 97
14 98
14 102
14 107
14 110
14 117
14 119
14 128
14 136
14 138
14 150
14 152
14 153
14 159
15 16
15 21
15 45
15 70
15 75
15 78
15 79
15 88
15 93
15 95
15 100
15 101
15 109
15 119
15 121
15 124
15 127
15 131
15 141
15 142
15 150
15 153
15 156
16 22
16 23
16 33
16 35
16 38
16 42
16 43
16 46
16 56
16 71
16 72
16 76
16 77
16 83
16 84
16 92
16 93
16 106
16 117
16 122
16 126
16 131
16 138
16 139
16 143
16 144
16 146
16 147
16 151
16 153
16 156
17 19
17 23
17 34
17 57
17 65
17 71
17 76
17 81
17 82
17 86
17 90
17 91
17 97
17 99
17 100
17 110
17 118
17 119
17 134
17 141
17 144
17 157
18 25
18 27
18 37
18 39
18 44
18 47
18 49
18 54
18 58
18 60
18 77
18 78
18 82
18 89
18 94
18 106
18 110
18 113
18 122
18 126
18 131
18 136
18 139
18 147
18 148
18 150
18 153
19 20
19 30
19 31
19 32
19 50
19 51
19 59
19 61
19 64
19 65
19 68
19 77
19 81
19 82
19 91
19 93
19 109
19 113
19 120
19 122
19 124
19 132
19 138
19 147
19 148
19 149
19 155
19 157
20 41
20 42
20 43
20 57
20 61
20 67
20 71
20 81
20 88
20 90
20 95
20 98
20 100
20 101
20 112
20 114
20 122
20 124
20 136
20 137
20 143
20 156
21 23
21 25
21 27
21 32
21 38
21 50
21 51
21 52
21 54
21 56
21 57
21 67
21 69
21 72
21 73
21 80
21 82
21 84
21 86
21 97
21 102
21 112
21 123
21 125
21 127
21 140
21 143
21 147
21 156
21 157
21 159
22 24
22 30
22 34
22 38
22 40
22 44
22 45
22 54
22 58
22 60
22 61
22 62
22 66
22 68
22 70
22 80
22 84
22 88
22 89
22 95
22 111
22 118
22 119
22 129
22 137
22 138
22 142
22 154
22 156
23 24
23 35
23 44
23 47
23 48
23 49
23 50
23 64
23 65
23 69
23 74
23 92
23 94
23 97
23 98
23 105
23 106
23 112
23 135
23 136
23 137
23 141
23 147
23 152
23 153
23 157
23 159
24 26
24 32
24 34
24 40
24 42
24 43
24 51
24 58
24 59
24 63
24 64
24 67
24 69
24 74
24 76
24 79
24 81
24 97
24 101
24 103
24 104
24 105
24 109
24 113
24 121
24 122
24 123
24 127
24 130
24 132
24 144
24 147
24 149
25 27
25 28
25 37
25 42
25 47
25 50
25 51
25 55
25 57
25 58
25 66
25 81
25 85
25 88
25 108
25 115
25 116
25 129
25 132
25 140
25 150
25 152
25 153
26 34
26 36
26 38
26 40
26 50
26 59
26 64
26 70
26 74
26 75
26 77
26 81
26 93
26 95
26 111
26 115
26 129
26 130
26 136
26 142
26 148
26 150
26 151
26 153
26 156
26 159
27 28
27 34
27 41
27 49
27 50
27 54
27 55
27 61
27 62
27 75
27 80
27 83
27 84
27 85
27 88
27 93
27 104
27 105
27 112
27 125
27 126
27 131
27 133
27 134
27 138
27 139
27 150
27 151
27 153
27 159
28 32
28 35
28 36
28 38
28 55
28 59
28 63
28 69
28 72
28 74
28 78
28 85
28 86
28 87
28 95
28 99
28 110
28 113
28 115
28 119
28 120
28 122
28 124
28 126
28 130
28 135
28 137
28 139
28 143
28 147
28 157
29 37
29 39
29 46
29 58
29 61
29 65
29 71
29 72
29 74
29 83
29 99
29 106
29 107
29 110
29 114
29 116
29 121
29 125
29 126
29 128
29 136
29 140
29 147
29 151
29 153
29 159
30 42
30 43
30 58
30 60
30 69
30 95
30 96
30 97
30 105
30 110
30 114
30 116
30 123
30 132
30 134
30 137
30 139
30 146
30 148
30 150
30 158
31 34
31 36
31 38
31 44
31 47
31 62
31 67
31 68
31 76
31 83
31 85
31 86
31 88
31 89
31 91
31 92
31 100
31 105
31 114
31 123
31 128
31 138
31 140
31 142
31 151
31 152
31 157
32 34
32 35
32 38
32 46
32 60
32 70
32 76
32 77
32 85
32 86
32 87
32 94
32 95
32 97
32 115
32 132
32 134
32 147
32 154
33 37
33 39
33 41
33 52
33 58
33 65
33 68
33 76
33 78
33 79
33 80
33 82
33 84
33 90
33 92
33 94
33 95
33 109
33 112
33 114
33 115
33 134
33 149
33 153
33 154
34 35
34 36
34 45
34 46
34 49
34 54
34 60
34 69
34 80
34 87
34 94
34 96
34 97
34 100
34 101
34 103
34 104
34 108
34 114
34 120
34 129
34 132
34 140
34 142
34 150
35 40
35 48
35 51
35 57
35 61
35 71
35 72
35 73
35 74
35 81
35 86
35 92
35 98
35 99
35 105
35 113
35 120
35 124
35 127
35 128
35 129
35 130
35 136
35 143
35 149
36 42
36 43
36 44
36 45
36 58
36 59
36 61
36 65
36 66
36 77
36 90
36 97
36 101
36 106
36 107
36 118
36 119
36 123
36 125
36 129
36 133
36 144
36 147
36 149
36 150
36 156
36 158
37 40
37 41
37 46
37 49
37 50
37 61
37 66
37 67
37 70
37 115
37 127
37 128
37 130
37 131
37 132
37 134
37 138
37 149
37 155
38 42
38 46
38 47
38 55
38 56
38 63
38 73
38 81
38 82
38 88
38 90
38 96
38 102
38 106
38 108
38 116
38 123
38 133
38 135
38 139
38 143
38 148
38 153
39 54
39 56
39 64
39 65
39 68
39 70
39 79
39 82
39 89
39 100
39 101
39 106
39 111
39 123
39 140
39 144
39 155
39 159
40 53
40 55
40 57
40 68
40 69
40 74
40 75
40 82
40 83
40 87
40 91
40 92
40 93
40 97
40 101
40 104
40 105
40 140
40 142
40 145
40 149
40 153
41 42
41 47
41 55
41 59
41 65
41 72
41 73
41 77
41 79
41 81
41 82
41 84
41 87
41 89
41 95
41 121
41 124
41 129
41 131
41 142
41 145
42 45
42 54
42 56
42 62
42 65
42 73
42 80
42 96
42 97
42 103
42 104
42 121
42 125
42 129
42 130
42 131
42 141
42 144
42 147
42 148
42 154
42 157
43 46
43 48
43 58
43 59
43 65
43 83
43 84
43 93
43 96
43 98
43 99
43 103
43 106
43 116
43 121
43 126
43 127
43 132
43 143
43 146
43 151
43 152
43 154
43 155
43 157
43 159
44 46
44 48
44 59
44 63
44 69
44 70
44 75
44 80
44 98
44 100
44 101
44 116
44 120
44 125
44 126
44 134
44 137
44 138
44 139
44 142
44 145
44 148
44 149
44 153
44 156
44 157
45 52
45 60
45 66
45 69
45 76
45 79
45 81
45 91
45 98
45 99
45 101
45 105
45 107
45 120
45 121
45 123
45 125
45 126
45 127
45 128
45 130
45 131
45 136
45 142
45 158
46 52
46 54
46 55
46 57
46 64
46 65
46 68
46 72
46 76
46 79
46 90
46 98
46 100
46 111
46 112
46 116
46 121
46 124
46 126
46 128
46 130
46 138
46 141
46 145
46 146
46 148
46 154
47 50
47 54
47 60
47 63
47 65
47 68
47 70
47 80
47 85
47 89
47 91
47 96
47 97
47 98
47 102
47 118
47 119
47 121
47 125
47 127
47 132
47 138
47 141
47 153
48 49
48 53
48 56
48 57
48 58
48 66
48 68
48 69
48 77
48 78
48 80
48 83
48 87
48 88
48 89
48 93
48 94
48 96
48 108
48 111
48 114
48 117
48 118
48 124
48 128
48 133
48 134
48 139
48 147
49 54
49 56
49 62
49 80
49 86
49 88
49 91
49 92
49 106
49 112
49 117
49 118
49 120
49 122
49 124
49 125
49 128
49 131
49 138
49 143
50 51
50 52
50 71
50 75
50 76
50 77
50 80
50 82
50 83
50 84
50 86
50 88
50 93
50 108
50 111
50 115
50 117
50 118
50 126
50 140
50 141
51 53
51 54
51 63
51 65
51 75
51 78
51 82
51 84
51 88
51 113
51 117
51 119
51 138
51 144
51 146
51 148
51 156
52 54
52 55
52 71
52 79
52 84
52 93
52 96
52 98
52 102
52 114
52 121
52 125
52 133
52 140
52 152
52 158
53 60
53 65
53 70
53 71
53 75
53 76
53 91
53 92
53 93
53 94
53 106
53 113
53 116
53 119
53 125
53 126
53 127
53 135
53 136
53 144
53 148
53 152
53 153
54 57
54 58
54 64
54 80
54 86
54 95
54 101
54 106
54 108
54 111
54 123
54 132
54 146
54 149
54 157
55 57
55 61
55 66
55 67
55 101
55 105
55 106
55 108
55 131
55 142
55 145
55 146
55 148
55 150
55 156
56 60
56 64
56 66
56 68
56 73
56 79
56 91
56 97
56 99
56 105
56 110
56 113
56 118
56 119
56 129
56 138
56 153
57 63
57 67
57 69
57 72
57 74
57 78
57 79
57 95
57 98
57 102
57 105
57 111
57 112
57 115
57 121
57 123
57 126
57 127
57 135
57 142
57 155
57 157
58 60
58 61
58 65
58 69
58 72
58 73
58 74
58 84
58 85
58 87
58 93
58 105
58 111
58 118
58 131
58 133
58 134
58 135
58 137
58 145
58 146
59 66
59 67
59 70
59 71
59 73
59 81
59 82
59 91
59 102
59 103
59 112
59 114
59 122
59 123
59 127
59 137
59 138
59 148
59 152
59 154
60 65
60 75
60 76
60 79
60 80
60 81
60 82
60 83
60 85
60 86
60 90
60 94
60 95
60 97
60 98
60 109
60 112
60 114
60 122
60 125
60 127
60 146
60 152
61 64
61 65
61 67
61 77
61 80
61 95
61 98
61 103
61 106
61 107
61 109
61 110
61 117
61 126
61 133
61 139
61 147
61 152
61 157
61 158
62 63
62 64
62 65
62 68
62 73
62 74
62 78
62 80
62 81
62 84
62 97
62 100
62 105
62 113
62 115
62 117
62 134
62 141
62 145
63 82
63 86
63 93
63 97
63 108
63 119
63 120
63 128
63 131
63 132
63 135
63 142
63 143
63 152
63 155
64 75
64 82
64 89
64 94
64 96
64 99
64 110
64 111
64 115
64 121
64 122
64 125
64 127
64 130
64 134
64 146
64 152
64 157
65 71
65 73
65 79
65 81
65 93
65 96
65 106
65 107
65 108
65 109
65 110
65 112
65 121
65 135
65 141
66 89
66 94
66 95
66 96
66 100
66 105
66 112
66 113
66 114
66 116
66 118
66 120
66 125
66 137
66 138
66 144
66 145
66 147
66 150
66 154
66 158
67 69
67 74
67 80
67 88
67 89
67 91
67 93
67 107
67 118
67 133
67 138
67 147
67 151
67 155
67 159
68 71
68 81
68 83
68 88
68 91
68 97
68 98
68 110
68 114
68 123
68 125
68 129
68 135
68 137
68 139
68 145
68 149
69 72
69 74
69 78
69 79
69 83
69 85
69 89
69 95
69 109
69 110
69 111
69 115
69 118
69 123
69 127
69 135
69 149
69 151
70 74
70 78
70 80
70 83
70 92
70 96
70 101
70 102
70 109
70 118
70 120
70 126
70 144
70 147
70 153
70 154
70 156
71 72
71 76
71 78
71 93
71 105
71 108
71 110
71 118
71 119
71 121
71 125
71 130
71 136
71 141
71 144
71 146
71 148
71 154
72 82
72 83
72 85
72 86
72 88
72 93
72 95
72 98
72 111
72 112
72 120
72 137
72 141
72 150
72 152
73 76
73 82
73 85
73 89
73 90
73 98
73 100
73 103
73 104
73 117
73 126
73 135
73 136
73 138
73 141
73 146
73 149
73 153
73 156
73 157
73 158
73 159
74 79
74 84
74 96
74 100
74 105
74 113
74 116
74 119
74 120
74 123
74 127
74 128
74 129
74 134
74 136
74 140
74 141
74 142
74 143
74 151
74 156
74 158
75 80
75 92
75 93
75 98
75 99
75 103
75 104
75 109
75 111
75 112
75 114
75 116
75 119
75 122
75 125
75 128
75 133
75 148
75 150
75 151
75 158
75 159
76 79
76 82
76 86
76 93
76 99
76 102
76 114
76 132
76 134
76 142
76 144
76 145
76 146
76 147
76 153
76 157
76 159
77 79
77 84
77 88
77 90
77 94
77 98
77 99
77 102
77 105
77 106
77 108
77 116
77 123
77 124
77 133
77 140
77 146
77 147
77 148
77 149
77 158
78 84
78 93
78 100
78 104
78 107
78 114
78 116
78 126
78 129
78 131
78 132
78 135
78 151
79 82
79 104
79 111
79 117
79 122
79 124
79 128
79 129
79 132
79 136
79 137
79 145
79 146
79 155
80 88
80 91
80 92
80 100
80 105
80 124
80 125
80 126
80 128
80 130
80 131
80 142
80 143
80 144
80 147
80 153
80 154
81 103
81 104
81 114
81 115
81 120
81 130
81 133
81 134
81 136
81 138
81 139
81 140
81 144
81 150
81 154
81 159
82 86
82 91
82 95
82 97
82 105
82 110
82 113
82 125
82 128
82 134
82 143
82 151
82 159
83 85
83 88
83 89
83 103
83 105
83 106
83 119
83 128
83 131
83 143
83 145
84 88
84 92
84 104
84 112
84 113
84 130
84 132
84 137
84 138
85 91
85 94
85 105
85 111
85 116
85 119
85 120
85 121
85 122
85 125
85 131
85 136
85 140
85 147
85 156
86 88
86 92
86 97
86 98
86 99
86 104
86 111
86 136
86 137
86 140
86 144
86 145
86 146
86 151
86 152
86 159
87 90
87 91
87 96
87 102
87 114
87 115
87 116
87 118
87 130
87 132
87 134
87 135
87 136
87 144
87 150
87 151
87 157
88 92
88 96
88 97
88 98
88 99
88 100
88 104
88 106
88 112
88 117
88 124
88 127
88 135
88 136
88 138
88 139
88 141
88 143
89 90
89 98
89 101
89 104
89 106
89 107
89 109
89 114
89 118
89 122
89 127
89 128
89 137
89 141
89 159
90 93
90 94
90 100
90 107
90 118
90 122
90 126
90 127
90 128
90 129
90 131
90 136
90 139
90 140
90 143
90 144
90 147
90 158
91 102
91 110
91 119
91 120
91 134
91 144
91 153
91 156
91 158
92 103
92 104
92 113
92 115
92 120
92 122
92 137
92 140
92 142
92 146
92 148
92 154
93 96
93 97
93 104
93 105
93 107
93 108
93 112
93 117
93 118
93 122
93 128
93 130
93 131
93 144
93 150
93 151
93 157
94 96
94 102
94 106
94 110
94 112
94 116
94 124
94 129
94 136
94 139
94 141
94 145
94 155
94 158
95 98
95 99
95 109
95 114
95 117
95 120
95 122
95 124
95 126
95 127
95 130
95 131
95 132
95 139
95 142
95 146
95 149
95 159
96 101
96 109
96 113
96 123
96 129
96 136
96 137
96 138
96 139
96 140
96 143
96 156
97 100
97 104
97 105
97 107
97 114
97 127
97 132
97 136
97 137
97 140
97 154
98 102
98 103
98 111
98 112
98 113
98 115
98 119
98 121
98 137
98 146
98 147
98 148
98 149
98 154
98 159
99 103
99 104
99 105
99 107
99 112
99 122
99 127
99 131
99 137
99 144
99 147
100 106
100 115
100 117
100 124
100 130
100 138
100 140
100 144
100 149
101 113
101 118
101 122
101 124
101 141
101 142
101 152
101 159
102 106
102 114
102 115
102 116
102 120
102 129
102 136
102 139
102 140
102 147
102 148
102 152
102 155
103 116
103 120
103 121
103 123
103 125
103 128
103 133
103 137
103 138
103 140
103 145
103 146
103 151
103 153
103 156
104 106
104 107
104 114
104 116
104 117
104 120
104 125
104 127
104 129
104 132
104 139
104 140
104 144
104 146
104 155
104 156
104 157
105 106
105 116
105 121
105 122
105 128
105 135
105 142
105 143
105 149
105 150
105 154
106 107
106 108
106 115
106 126
106 135
106 140
106 150
106 152
107 133
107 134
107 141
107 150
107 152
107 155
108 113
108 115
108 116
108 121
108 122
108 132
108 134
108 140
108 148
108 149
108 153
109 110
109 115
109 118
109 123
109 127
109 128
109 133
109 135
109 137
109 138
109 145
109 149
109 153
110 111
110 123
110 138
110 139
110 140
110 141
110 142
110 144
110 145
110 148
110 150
110 156
111 120
111 121
111 125
111 127
111 130
111 143
111 150
111 152
111 155
111 156
111 158
112 119
112 121
112 123
112 125
112 128
112 131
112 137
112 147
112 149
112 156
113 121
113 124
113 137
113 139
113 141
113 144
113 158
114 115
114 116
114 118
114 120
114 123
114 126
114 135
114 140
114 142
114 149
114 150
114 156
115 117
115 122
115 124
115 131
115 135
115 137
115 146
116 117
116 121
116 123
116 128
116 136
116 137
116 139
116 140
116 147
116 148
116 150
116 153
117 118
117 119
117 127
117 134
117 140
117 141
117 150
118 126
118 127
118 130
118 135
118 139
118 144
118 145
118 147
119 125
119 126
119 132
119 133
119 137
119 144
119 145
119 147
120 127
120 128
120 132
120 139
120 146
120 149
120 154
121 123
121 125
121 130
121 132
121 143
121 146
121 149
121 150
121 152
121 153
121 159
122 125
122 127
122 130
122 135
122 143
122 147
122 148
122 151
122 158
123 124
123 125
123 135
123 138
123 139
123 142
123 144
123 149
123 151
123 153
123 158
124 133
124 134
124 135
124 137
124 140
124 145
124 146
124 148
125 126
125 137
125 142
125 144
125 148
125 150
126 130
126 131
126 132
126 135
126 136
126 142
126 143
126 145
126 149
126 152
127 128
127 130
127 140
127 143
127 144
127 145
127 149
127 150
127 151
127 153
128 132
128 136
128 140
128 143
128 144
128 156
128 158
129 135
129 140
129 146
129 151
129 155
129 158
129 159
130 131
130 133
130 137
130 138
130 147
130 155
130 156
131 136
131 138
131 142
131 143
131 144
131 151
131 157
131 158
132 142
132 156
132 159
133 134
133 145
133 147
133 151
133 157
133 159
134 136
134 152
135 139
135 141
135 149
135 150
135 153
135 157
135 158
136 141
136 145
136 155
136 157
137 141
137 142
137 145
137 151
137 158
138 140
138 141
138 144
138 145
138 147
138 153
139 149
139 151
139 153
139 159
140 142
140 143
140 145
140 156
141 148
141 149
141 150
142 145
142 154
142 155
142 159
143 144
143 150
143 151
144 156
145 146
145 148
145 151
146 149
146 150
146 158
147 154
147 158
148 155
148 157
149 152
149 153
150 153
151 154
151 157
151 159
152 155
153 156
153 159
154 157
157 159
