
# 23395	7	7	7	7.00	7.00	7.00	8.00
# 18628	7	7	7	23.00	7.00	7.00	8.00
# 22317	7	7	7	24.00	7.00	7.00	8.00
# 26058	7	7	7	7.00	7.00	7.00	9.00
# 25118	7	7	7	7.00	7.00	7.00	8.00
# 14496	7	7	7	7.00	7.00	7.00	8.00
# 14876	7	7	7	9.00	8.00	8.00	11.00
# 14133	7	7	7	8.00	8.00	8.00	9.00
# 3797	7	7	7	8.00	8.00	8.00	10.00
# 19075	6	6	6	6.00	6.00	6.00	7.00
# 30757	6	6	6	6.00	6.00	6.00	7.00
# 28920	6	6	6	6.00	6.00	6.00	7.00
# 17518	6	6	6	6.00	6.00	6.00	9.00
# 20361	6	6	6	6.00	6.00	6.00	7.00
# 18291	6	6	6	6.00	6.00	6.00	7.00
# 21324	6	6	6	8.00	7.00	7.00	10.00
# 16586	6	6	6	7.00	7.00	7.00	8.00
# 8916	6	6	6	6.00	6.00	6.00	8.00
# 28173	6	6	6	6.00	6.00	6.00	7.00
# 9968	6	6	6	21.00	6.00	6.00	6.00
# 27419	6	6	6	22.00	6.00	6.00	6.00
# 22248	6	6	6	6.00	6.00	6.00	7.00
# 22774	6	6	6	6.00	6.00	6.00	6.00
# 13526	6	6	6	6.00	6.00	6.00	6.00
# 26983	6	6	6	8.00	7.00	7.00	9.00
# 2341	6	6	6	6.00	6.00	6.00	7.00
# 24980	6	6	6	6.00	6.00	6.00	8.00
# 9264	5	5	5	5.00	5.00	5.00	6.00
# 20581	5	5	5	21.00	5.00	5.00	6.00
# 11278	5	5	5	22.00	5.00	5.00	6.00
# 135	5	5	5	5.00	5.00	5.00	6.00
# 22756	5	5	5	5.00	5.00	5.00	6.00
# 25870	5	5	5	5.00	5.00	5.00	5.00
# 11592	5	5	5	7.00	7.00	7.00	9.00
# 1117	5	5	5	5.00	5.00	5.00	7.00
# 30673	5	5	5	5.00	5.00	5.00	6.00
# 7643	5	5	5	5.00	5.00	5.00	5.00
# 8042	5	5	5	20.00	5.00	5.00	5.00
# 27305	5	5	5	5.00	5.00	5.00	5.00
# 3509	5	5	5	5.00	5.00	5.00	6.00
# 30727	5	5	5	5.00	5.00	5.00	6.00
# 21375	5	5	5	5.00	5.00	5.00	5.00
# 24994	5	5	5	5.00	5.00	5.00	7.00
# 26840	5	5	5	5.00	5.00	5.00	7.00
# 19805	5	5	5	5.00	5.00	5.00	6.00
