
# 24419	3.06	0.54	4.69	
# 25292	1.70	0.47	4.35	
# 24401	3.11	0.51	4.59	
# 27382	0.50	0.12	442.81	
# 27717	0.60	0.26	1009.31	
# 20772	0.68	0.24	2342.12	
# 14943	1.56	0.34	74.22	
# 24252	0.46	0.22	5.40	
# 3454	1.68	0.37	6.17	
# 26901	0.24	0.05	56.86	
# 30827	0.29	0.16	78.78	
# 24589	0.33	0.09	24.20	
# 3757	0.43	0.38	21.71	
# 337	0.46	0.02	29.21	
# 11327	0.54	0.24	24.89	
# 4964	24.32	2.88	101.23	
# 18764	534.30	5.40	115.21	
# 32376	187.16	4.42	125.06	
# 18647	12.41	3.90	84.69	
# 21397	12.35	3.12	108.17	
# 10859	12.09	4.49	93.83	
# 14467	7.81	1.68	3548.91	
# 27757	5.64	3.32	3170.59	
# 11603	5.27	2.40	3553.71	
# 28886	# 12039	# 4608	# 27628	# 7600	# 15175	# 32595	# 13368	2.02	0.42	# 12271	1.08	0.64	5739.15	
# 13130	1.72	0.34	3494.49	
# 32504	0.57	0.14	151.35	
# 27864	1.76	0.41	1186.06	
# 3278	11.84	1.71	1116.03	
# 24919	4.52	1.89	3578.70	
# 6449	# 18260	0
# 4144	2424.70	632.06	
# 32477	2426.99	298.37	
# 4373	0
# 12965	0
# 3032	0
# 13733	2538.99	395.82	
# 1979	2535.49	370.17	
# 4255	2542.19	293.81	
# 16337	57.10	# 14670	59.01	40.25	
# 14675	85.53	31.75	
# 1319	46.77	50.76	
# 28845	109.07	29.17	
# 3225	0
# 9352	0
# 5592	0
# 21282	0
# 26287	0
