320 10208
0 4
0 12
0 16
0 17
0 18
0 21
0 27
0 31
0 46
0 49
0 58
0 64
0 66
0 72
0 76
0 87
0 91
0 94
0 106
0 107
0 109
0 113
0 115
0 119
0 122
0 124
0 132
0 133
0 137
0 138
0 140
0 152
0 155
0 159
0 160
0 171
0 172
0 179
0 183
0 186
0 196
0 202
0 204
0 214
0 217
0 227
0 236
0 240
0 242
0 243
0 253
0 254
0 255
0 258
0 265
0 266
0 269
0 273
0 274
0 275
0 281
0 285
0 287
0 294
0 302
0 309
1 16
1 22
1 33
1 34
1 35
1 42
1 47
1 49
1 58
1 61
1 64
1 69
1 70
1 72
1 77
1 79
1 80
1 89
1 94
1 98
1 119
1 123
1 129
1 136
1 138
1 139
1 141
1 143
1 144
1 145
1 148
1 153
1 155
1 163
1 164
1 172
1 175
1 176
1 180
1 183
1 193
1 197
1 198
1 200
1 204
1 206
1 207
1 208
1 212
1 213
1 223
1 225
1 230
1 238
1 248
1 254
1 256
1 263
1 272
1 280
1 283
1 284
1 288
1 294
1 295
1 296
1 311
1 313
1 315
1 317
2 3
2 4
2 5
2 7
2 10
2 16
2 36
2 53
2 56
2 57
2 73
2 80
2 84
2 86
2 94
2 106
2 112
2 116
2 117
2 121
2 131
2 132
2 138
2 144
2 148
2 153
2 155
2 163
2 170
2 171
2 178
2 179
2 184
2 187
2 188
2 192
2 197
2 199
2 200
2 206
2 207
2 210
2 227
2 230
2 240
2 250
2 251
2 253
2 264
2 267
2 275
2 276
2 277
2 283
2 284
2 289
2 290
2 294
2 305
2 306
2 314
2 318
3 10
3 19
3 25
3 26
3 32
3 33
3 38
3 42
3 43
3 46
3 50
3 53
3 57
3 58
3 67
3 72
3 75
3 79
3 93
3 96
3 99
3 104
3 106
3 107
3 109
3 111
3 122
3 124
3 125
3 126
3 129
3 132
3 134
3 141
3 143
3 149
3 150
3 151
3 153
3 161
3 163
3 166
3 175
3 178
3 189
3 193
3 209
3 214
3 216
3 221
3 222
3 231
3 232
3 237
3 241
3 242
3 245
3 246
3 248
3 255
3 265
3 268
3 273
3 275
3 282
3 288
3 289
3 291
3 294
3 302
3 303
3 306
3 312
3 314
3 319
4 8
4 9
4 11
4 13
4 14
4 19
4 25
4 29
4 37
4 41
4 47
4 49
4 56
4 57
4 63
4 65
4 71
4 79
4 81
4 84
4 90
4 91
4 100
4 110
4 111
4 112
4 120
4 122
4 125
4 135
4 138
4 148
4 150
4 153
4 155
4 161
4 163
4 172
4 175
4 180
4 191
4 202
4 206
4 218
4 223
4 226
4 228
4 244
4 248
4 252
4 258
4 265
4 271
4 275
4 277
4 279
4 282
4 283
4 290
4 296
4 301
4 305
4 319
5 12
5 25
5 35
5 39
5 40
5 41
5 42
5 48
5 49
5 50
5 53
5 54
5 62
5 68
5 81
5 86
5 87
5 92
5 95
5 102
5 103
5 104
5 109
5 116
5 133
5 137
5 151
5 155
5 159
5 161
5 162
5 168
5 171
5 182
5 190
5 202
5 204
5 211
5 212
5 213
5 221
5 228
5 230
5 233
5 237
5 238
5 240
5 244
5 246
5 250
5 259
5 267
5 268
5 272
5 273
5 277
5 280
5 289
5 290
5 299
5 305
5 311
5 312
6 11
6 13
6 14
6 15
6 21
6 24
6 38
6 39
6 41
6 52
6 68
6 73
6 77
6 80
6 82
6 89
6 90
6 98
6 104
6 110
6 113
6 114
6 115
6 123
6 125
6 131
6 136
6 138
6 143
6 147
6 156
6 169
6 171
6 177
6 188
6 189
6 192
6 196
6 204
6 205
6 210
6 219
6 222
6 225
6 230
6 232
6 233
6 240
6 246
6 264
6 266
6 271
6 274
6 291
6 294
6 318
7 10
7 15
7 18
7 24
7 26
7 31
7 32
7 45
7 46
7 50
7 64
7 67
7 68
7 70
7 81
7 86
7 87
7 90
7 92
7 98
7 102
7 104
7 111
7 112
7 116
7 117
7 122
7 123
7 128
7 130
7 133
7 139
7 146
7 147
7 150
7 151
7 156
7 166
7 168
7 169
7 170
7 171
7 181
7 195
7 196
7 207
7 214
7 222
7 225
7 226
7 236
7 243
7 248
7 250
7 251
7 253
7 254
7 257
7 259
7 264
7 266
7 267
7 271
7 275
7 276
7 278
7 287
7 298
7 304
7 310
7 315
7 317
7 319
8 11
8 14
8 16
8 17
8 26
8 34
8 41
8 44
8 49
8 54
8 63
8 66
8 84
8 86
8 92
8 102
8 103
8 117
8 121
8 123
8 125
8 134
8 145
8 148
8 152
8 153
8 157
8 165
8 166
8 179
8 185
8 189
8 193
8 204
8 206
8 207
8 208
8 210
8 214
8 215
8 228
8 232
8 242
8 244
8 247
8 255
8 259
8 269
8 278
8 280
8 285
8 295
8 296
8 299
8 303
8 304
8 305
8 307
8 309
9 12
9 16
9 23
9 24
9 25
9 26
9 35
9 39
9 46
9 48
9 50
9 62
9 64
9 66
9 67
9 70
9 71
9 75
9 76
9 82
9 84
9 92
9 99
9 104
9 107
9 108
9 112
9 114
9 117
9 120
9 124
9 128
9 135
9 146
9 149
9 152
9 154
9 158
9 159
9 161
9 163
9 172
9 174
9 195
9 197
9 200
9 205
9 209
9 212
9 217
9 218
9 228
9 232
9 233
9 255
9 257
9 263
9 264
9 267
9 271
9 275
9 276
9 287
9 293
9 297
9 310
9 317
10 13
10 15
10 16
10 19
10 22
10 24
10 26
10 32
10 38
10 39
10 40
10 41
10 43
10 47
10 50
10 58
10 68
10 69
10 72
10 73
10 80
10 88
10 89
10 91
10 93
10 95
10 96
10 103
10 105
10 117
10 122
10 125
10 126
10 130
10 132
10 134
10 139
10 140
10 142
10 152
10 154
10 169
10 171
10 175
10 177
10 180
10 183
10 185
10 189
10 191
10 198
10 199
10 210
10 213
10 215
10 225
10 228
10 237
10 241
10 245
10 247
10 252
10 260
10 265
10 283
10 284
10 308
10 309
10 318
11 14
11 16
11 17
11 19
11 22
11 23
11 28
11 40
11 43
11 46
11 52
11 78
11 80
11 81
11 83
11 86
11 99
11 104
11 109
11 117
11 125
11 135
11 136
11 138
11 141
11 144
11 145
11 147
11 155
11 165
11 166
11 171
11 173
11 179
11 184
11 189
11 191
11 192
11 194
11 212
11 222
11 225
11 227
11 234
11 241
11 242
11 253
11 261
11 278
11 280
11 287
11 292
11 293
11 295
11 296
11 304
11 308
11 313
11 314
11 319
12 16
12 19
12 22
12 25
12 26
12 27
12 36
12 37
12 63
12 67
12 69
12 72
12 73
12 80
12 84
12 91
12 96
12 104
12 105
12 107
12 109
12 113
12 128
12 135
12 138
12 158
12 164
12 168
12 169
12 170
12 173
12 177
12 178
12 179
12 188
12 189
12 192
12 204
12 207
12 210
12 213
12 233
12 239
12 241
12 242
12 247
12 255
12 260
12 288
12 290
12 302
12 308
12 313
12 316
12 319
13 14
13 20
13 21
13 28
13 29
13 35
13 37
13 46
13 49
13 52
13 57
13 59
13 61
13 65
13 73
13 83
13 88
13 90
13 97
13 98
13 102
13 104
13 105
13 112
13 116
13 119
13 120
13 128
13 130
13 131
13 132
13 136
13 140
13 142
13 145
13 147
13 154
13 156
13 173
13 181
13 184
13 185
13 186
13 195
13 205
13 216
13 222
13 244
13 245
13 250
13 259
13 262
13 264
13 266
13 277
13 278
13 288
13 291
13 294
13 295
13 297
13 301
13 302
13 308
13 312
13 314
13 316
13 319
14 15
14 20
14 34
14 38
14 44
14 45
14 49
14 56
14 60
14 65
14 67
14 71
14 72
14 79
14 83
14 87
14 94
14 97
14 99
14 100
14 101
14 110
14 112
14 114
14 119
14 120
14 121
14 125
14 130
14 134
14 138
14 139
14 141
14 147
14 149
14 153
14 157
14 161
14 164
14 168
14 174
14 176
14 184
14 187
14 190
14 196
14 201
14 206
14 212
14 217
14 227
14 228
14 233
14 239
14 245
14 246
14 261
14 264
14 277
14 281
14 283
14 288
14 295
14 297
14 302
14 303
14 311
14 313
14 314
15 18
15 19
15 23
15 26
15 45
15 49
15 50
15 58
15 65
15 73
15 79
15 80
15 85
15 86
15 89
15 95
15 97
15 100
15 101
15 110
15 117
15 121
15 122
15 128
15 131
15 132
15 150
15 154
15 157
15 162
15 164
15 175
15 176
15 181
15 182
15 183
15 193
15 194
15 196
15 204
15 207
15 208
15 209
15 219
15 222
15 223
15 224
15 225
15 243
15 247
15 249
15 251
15 263
15 268
15 277
15 282
15 288
15 305
15 312
16 23
16 30
16 33
16 38
16 43
16 44
16 45
16 52
16 67
16 68
16 69
16 75
16 80
16 84
16 88
16 90
16 92
16 96
16 107
16 108
16 111
16 116
16 118
16 122
16 125
16 131
16 132
16 139
16 141
16 145
16 150
16 157
16 165
16 171
16 177
16 180
16 182
16 189
16 198
16 207
16 210
16 211
16 212
16 215
16 223
16 225
16 231
16 236
16 247
16 252
16 257
16 260
16 266
16 273
16 274
16 275
16 276
16 279
16 280
16 281
16 282
16 283
16 294
16 299
16 304
16 305
16 307
16 314
16 315
16 318
17 24
17 30
17 41
17 43
17 44
17 46
17 47
17 61
17 63
17 64
17 65
17 67
17 72
17 73
17 79
17 85
17 88
17 99
17 100
17 102
17 108
17 114
17 119
17 120
17 128
17 132
17 133
17 137
17 138
17 141
17 144
17 145
17 148
17 149
17 150
17 151
17 158
17 159
17 168
17 173
17 174
17 177
17 180
17 185
17 191
17 198
17 200
17 202
17 203
17 208
17 213
17 217
17 220
17 226
17 228
17 231
17 234
17 247
17 254
17 260
17 265
17 266
17 271
17 273
17 283
17 294
17 305
17 310
17 313
18 20
18 27
18 29
18 30
18 31
18 34
18 35
18 38
18 39
18 43
18 48
18 50
18 51
18 56
18 58
18 60
18 61
18 63
18 68
18 90
18 91
18 97
18 103
18 106
18 107
18 115
18 123
18 127
18 130
18 140
18 143
18 145
18 149
18 150
18 151
18 162
18 168
18 169
18 172
18 175
18 176
18 183
18 184
18 198
18 209
18 216
18 220
18 226
18 236
18 237
18 239
18 245
18 248
18 253
18 255
18 258
18 271
18 272
18 275
18 281
18 284
18 287
18 288
18 289
18 293
18 299
18 306
19 21
19 29
19 37
19 55
19 57
19 59
19 60
19 80
19 86
19 93
19 94
19 102
19 105
19 106
19 107
19 108
19 111
19 115
19 140
19 148
19 151
19 154
19 157
19 170
19 174
19 178
19 180
19 186
19 188
19 192
19 197
19 200
19 201
19 203
19 206
19 209
19 216
19 218
19 245
19 257
19 258
19 262
19 264
19 265
19 266
19 267
19 270
19 271
19 272
19 274
19 280
19 281
19 282
19 287
19 291
19 300
19 306
19 313
20 23
20 29
20 34
20 41
20 42
20 68
20 75
20 76
20 85
20 89
20 92
20 93
20 95
20 96
20 103
20 111
20 112
20 116
20 123
20 128
20 133
20 136
20 138
20 139
20 147
20 151
20 160
20 161
20 165
20 169
20 175
20 178
20 184
20 199
20 200
20 201
20 204
20 205
20 214
20 222
20 228
20 235
20 237
20 244
20 251
20 255
20 276
20 278
20 284
20 291
20 294
20 307
20 310
20 317
20 318
20 319
21 23
21 26
21 31
21 41
21 55
21 74
21 76
21 84
21 95
21 101
21 109
21 114
21 117
21 118
21 122
21 139
21 141
21 144
21 148
21 150
21 159
21 161
21 163
21 180
21 181
21 184
21 185
21 186
21 189
21 191
21 192
21 206
21 215
21 219
21 232
21 233
21 234
21 239
21 240
21 244
21 245
21 254
21 258
21 259
21 260
21 263
21 270
21 281
21 294
21 302
21 310
21 311
21 312
21 313
21 317
21 319
22 26
22 28
22 31
22 34
22 39
22 46
22 48
22 51
22 52
22 58
22 70
22 71
22 72
22 86
22 91
22 92
22 96
22 100
22 103
22 104
22 105
22 109
22 127
22 128
22 133
22 138
22 154
22 165
22 172
22 176
22 180
22 188
22 194
22 199
22 201
22 208
22 209
22 213
22 214
22 217
22 220
22 227
22 237
22 239
22 242
22 248
22 253
22 254
22 261
22 262
22 268
22 273
22 278
22 280
22 281
22 284
22 286
22 296
22 298
22 301
22 302
22 308
22 314
22 317
23 28
23 40
23 43
23 59
23 78
23 80
23 81
23 83
23 86
23 88
23 100
23 102
23 105
23 111
23 112
23 114
23 125
23 134
23 135
23 136
23 138
23 143
23 146
23 158
23 160
23 161
23 162
23 167
23 178
23 179
23 182
23 183
23 187
23 192
23 193
23 201
23 205
23 211
23 213
23 219
23 220
23 225
23 228
23 235
23 237
23 241
23 265
23 269
23 271
23 272
23 278
23 293
23 295
23 298
23 299
23 301
23 302
23 308
23 309
23 316
23 317
24 27
24 28
24 30
24 38
24 50
24 59
24 72
24 77
24 87
24 92
24 95
24 97
24 114
24 122
24 129
24 141
24 145
24 149
24 154
24 155
24 156
24 168
24 172
24 176
24 178
24 179
24 195
24 200
24 214
24 218
24 231
24 245
24 247
24 253
24 254
24 258
24 259
24 262
24 263
24 269
24 273
24 276
24 286
24 290
24 293
24 299
24 304
24 308
24 311
24 316
25 26
25 34
25 36
25 37
25 39
25 40
25 43
25 50
25 60
25 63
25 68
25 71
25 75
25 87
25 90
25 94
25 96
25 100
25 109
25 113
25 118
25 125
25 126
25 128
25 129
25 131
25 135
25 137
25 138
25 156
25 168
25 182
25 196
25 197
25 200
25 202
25 216
25 220
25 224
25 225
25 231
25 239
25 244
25 245
25 248
25 262
25 272
25 279
25 282
25 283
25 292
25 305
25 308
25 311
25 313
25 317
26 28
26 32
26 33
26 35
26 41
26 45
26 49
26 50
26 63
26 72
26 81
26 86
26 88
26 99
26 100
26 104
26 106
26 109
26 114
26 117
26 119
26 126
26 129
26 134
26 137
26 142
26 150
26 153
26 157
26 160
26 161
26 162
26 177
26 188
26 195
26 199
26 200
26 202
26 207
26 213
26 214
26 218
26 224
26 226
26 228
26 236
26 237
26 249
26 250
26 252
26 254
26 256
26 259
26 267
26 270
26 271
26 274
26 280
26 281
26 304
26 306
26 310
26 311
26 316
27 32
27 33
27 34
27 35
27 46
27 59
27 64
27 67
27 69
27 74
27 77
27 82
27 84
27 98
27 100
27 108
27 109
27 112
27 117
27 127
27 134
27 135
27 146
27 156
27 158
27 160
27 161
27 166
27 168
27 178
27 180
27 184
27 188
27 189
27 190
27 191
27 192
27 215
27 217
27 218
27 222
27 232
27 237
27 243
27 246
27 251
27 259
27 263
27 282
27 283
27 288
27 292
27 295
27 297
27 300
27 304
28 31
28 32
28 35
28 44
28 52
28 55
28 58
28 67
28 71
28 76
28 77
28 83
28 89
28 91
28 93
28 94
28 99
28 104
28 106
28 109
28 111
28 125
28 129
28 130
28 131
28 135
28 138
28 160
28 163
28 164
28 166
28 167
28 168
28 184
28 188
28 195
28 199
28 203
28 207
28 213
28 221
28 222
28 223
28 224
28 230
28 233
28 235
28 241
28 242
28 243
28 246
28 250
28 251
28 253
28 258
28 260
28 261
28 262
28 263
28 264
28 281
28 284
28 289
28 290
28 293
28 295
28 297
28 298
28 300
28 301
28 302
28 309
28 313
29 30
29 34
29 35
29 39
29 49
29 65
29 66
29 69
29 73
29 76
29 83
29 86
29 88
29 94
29 99
29 100
29 107
29 123
29 128
29 129
29 132
29 140
29 150
29 155
29 161
29 174
29 175
29 176
29 178
29 180
29 202
29 205
29 211
29 216
29 219
29 228
29 229
29 232
29 237
29 246
29 251
29 253
29 254
29 269
29 270
29 272
29 283
29 285
29 289
29 291
29 297
29 302
29 308
29 309
29 313
30 33
30 43
30 44
30 47
30 48
30 59
30 61
30 65
30 71
30 73
30 74
30 75
30 92
30 95
30 102
30 104
30 109
30 116
30 118
30 119
30 122
30 125
30 126
30 128
30 142
30 149
30 155
30 172
30 175
30 177
30 180
30 183
30 185
30 187
30 193
30 195
30 200
30 203
30 218
30 219
30 220
30 225
30 229
30 232
30 234
30 237
30 247
30 249
30 251
30 254
30 261
30 264
30 279
30 281
30 283
30 290
30 291
30 296
30 298
30 299
30 300
30 302
30 307
30 310
30 317
31 38
31 39
31 44
31 47
31 51
31 53
31 58
31 61
31 63
31 64
31 67
31 78
31 89
31 91
31 98
31 112
31 117
31 124
31 132
31 133
31 135
31 141
31 142
31 144
31 151
31 154
31 159
31 160
31 162
31 165
31 166
31 167
31 168
31 181
31 186
31 202
31 215
31 216
31 233
31 234
31 235
31 237
31 238
31 244
31 248
31 249
31 252
31 254
31 269
31 272
31 275
31 279
31 281
31 283
31 299
31 302
31 306
31 311
31 316
31 317
32 44
32 46
32 49
32 57
32 60
32 64
32 66
32 72
32 74
32 79
32 81
32 92
32 97
32 101
32 105
32 114
32 127
32 128
32 134
32 135
32 137
32 144
32 147
32 149
32 154
32 159
32 166
32 169
32 170
32 175
32 177
32 185
32 191
32 194
32 196
32 198
32 200
32 205
32 206
32 209
32 224
32 225
32 229
32 237
32 239
32 241
32 254
32 256
32 262
32 276
32 279
32 283
32 291
32 308
32 312
33 36
33 41
33 42
33 44
33 47
33 50
33 52
33 67
33 69
33 71
33 72
33 74
33 75
33 78
33 83
33 87
33 93
33 96
33 102
33 107
33 117
33 120
33 121
33 127
33 129
33 130
33 138
33 141
33 143
33 157
33 165
33 171
33 172
33 173
33 175
33 176
33 179
33 180
33 181
33 185
33 189
33 193
33 198
33 199
33 211
33 212
33 213
33 229
33 231
33 239
33 243
33 246
33 247
33 250
33 251
33 254
33 255
33 265
33 268
33 272
33 277
33 279
33 280
33 287
33 294
33 297
33 298
33 302
33 303
33 304
33 305
33 313
34 47
34 87
34 90
34 92
34 100
34 105
34 119
34 121
34 123
34 126
34 129
34 143
34 145
34 146
34 152
34 153
34 155
34 164
34 165
34 166
34 183
34 184
34 193
34 195
34 200
34 201
34 204
34 206
34 208
34 213
34 217
34 227
34 230
34 232
34 234
34 241
34 242
34 245
34 252
34 253
34 269
34 281
34 284
34 293
34 301
34 304
34 307
34 309
34 311
34 313
34 317
35 39
35 40
35 41
35 54
35 57
35 60
35 63
35 66
35 69
35 73
35 76
35 87
35 88
35 91
35 99
35 108
35 112
35 115
35 129
35 132
35 142
35 150
35 162
35 165
35 170
35 175
35 176
35 177
35 180
35 189
35 196
35 203
35 205
35 209
35 210
35 212
35 218
35 220
35 226
35 227
35 232
35 242
35 244
35 249
35 256
35 274
35 275
35 281
35 282
35 289
35 293
35 307
35 308
35 317
36 43
36 54
36 56
36 57
36 64
36 65
36 66
36 70
36 72
36 73
36 78
36 86
36 87
36 93
36 95
36 107
36 115
36 117
36 122
36 124
36 128
36 137
36 141
36 150
36 160
36 179
36 180
36 187
36 195
36 203
36 208
36 214
36 218
36 226
36 227
36 234
36 245
36 249
36 252
36 253
36 254
36 280
36 289
36 293
36 297
36 300
36 306
36 309
36 311
36 312
37 40
37 41
37 49
37 65
37 69
37 78
37 80
37 81
37 84
37 85
37 86
37 89
37 93
37 96
37 98
37 102
37 103
37 104
37 110
37 111
37 114
37 118
37 124
37 127
37 129
37 138
37 141
37 144
37 145
37 151
37 153
37 157
37 163
37 169
37 179
37 181
37 188
37 199
37 201
37 203
37 210
37 212
37 215
37 224
37 228
37 242
37 244
37 245
37 258
37 272
37 277
37 281
37 286
37 305
37 314
37 318
38 42
38 43
38 48
38 54
38 56
38 61
38 63
38 64
38 67
38 72
38 93
38 95
38 103
38 106
38 114
38 115
38 122
38 125
38 132
38 143
38 145
38 153
38 162
38 164
38 171
38 172
38 199
38 202
38 204
38 207
38 217
38 223
38 229
38 238
38 252
38 257
38 274
38 282
38 285
38 287
38 295
38 296
38 298
38 301
38 302
38 303
38 312
38 313
39 40
39 46
39 53
39 57
39 59
39 61
39 67
39 70
39 74
39 76
39 77
39 83
39 84
39 86
39 87
39 91
39 95
39 106
39 109
39 114
39 117
39 122
39 129
39 137
39 138
39 142
39 145
39 150
39 154
39 157
39 159
39 169
39 171
39 174
39 182
39 195
39 196
39 206
39 210
39 215
39 217
39 222
39 223
39 229
39 237
39 243
39 246
39 248
39 259
39 262
39 267
39 271
39 272
39 276
39 281
39 289
40 43
40 51
40 54
40 56
40 63
40 85
40 88
40 90
40 92
40 101
40 104
40 109
40 110
40 115
40 117
40 121
40 122
40 130
40 137
40 142
40 149
40 159
40 165
40 170
40 174
40 182
40 184
40 187
40 193
40 194
40 196
40 202
40 203
40 210
40 211
40 219
40 224
40 229
40 234
40 235
40 238
40 240
40 246
40 248
40 250
40 256
40 259
40 277
40 287
40 300
40 302
40 307
40 308
40 313
40 316
41 51
41 58
41 61
41 67
41 70
41 71
41 72
41 74
41 90
41 94
41 108
41 115
41 117
41 125
41 130
41 131
41 135
41 142
41 151
41 154
41 157
41 158
41 162
41 173
41 178
41 188
41 198
41 199
41 200
41 209
41 211
41 216
41 220
41 222
41 227
41 229
41 234
41 235
41 245
41 249
41 254
41 257
41 258
41 261
41 262
41 263
41 264
41 271
41 273
41 278
41 285
41 288
41 290
41 296
41 299
41 301
41 303
41 307
41 312
41 314
41 315
41 318
42 47
42 52
42 58
42 64
42 69
42 73
42 78
42 85
42 88
42 93
42 94
42 97
42 98
42 99
42 108
42 125
42 127
42 130
42 137
42 143
42 146
42 155
42 167
42 175
42 176
42 179
42 181
42 183
42 185
42 188
42 194
42 196
42 205
42 210
42 215
42 216
42 222
42 239
42 245
42 256
42 263
42 275
42 276
42 284
42 286
42 287
42 289
42 308
42 312
42 316
43 47
43 54
43 57
43 64
43 65
43 68
43 79
43 85
43 86
43 89
43 91
43 96
43 99
43 106
43 109
43 116
43 117
43 134
43 135
43 137
43 153
43 154
43 155
43 157
43 162
43 165
43 169
43 171
43 177
43 186
43 187
43 189
43 206
43 207
43 212
43 219
43 220
43 221
43 227
43 230
43 231
43 237
43 244
43 250
43 251
43 254
43 255
43 256
43 264
43 271
43 274
43 275
43 286
43 291
43 292
43 301
43 308
43 316
44 45
44 52
44 54
44 58
44 60
44 61
44 66
44 69
44 74
44 76
44 80
44 88
44 90
44 98
44 102
44 104
44 106
44 111
44 115
44 125
44 138
44 144
44 150
44 161
44 162
44 163
44 172
44 178
44 184
44 185
44 187
44 188
44 191
44 199
44 203
44 208
44 209
44 216
44 225
44 227
44 228
44 230
44 237
44 246
44 248
44 256
44 257
44 260
44 266
44 267
44 272
44 284
44 288
44 289
44 290
44 306
44 317
45 47
45 50
45 52
45 53
45 88
45 97
45 98
45 103
45 104
45 106
45 107
45 111
45 129
45 143
45 149
45 161
45 169
45 172
45 173
45 174
45 177
45 178
45 180
45 181
45 188
45 189
45 190
45 195
45 198
45 199
45 203
45 207
45 211
45 212
45 219
45 220
45 222
45 223
45 227
45 228
45 230
45 235
45 236
45 237
45 240
45 241
45 243
45 244
45 246
45 249
45 251
45 252
45 254
45 259
45 267
45 269
45 271
45 285
45 291
45 297
45 305
45 308
45 310
45 312
45 313
45 314
46 63
46 67
46 68
46 71
46 73
46 76
46 81
46 84
46 87
46 95
46 102
46 103
46 110
46 112
46 113
46 118
46 120
46 124
46 129
46 134
46 140
46 142
46 147
46 154
46 164
46 175
46 182
46 183
46 195
46 199
46 213
46 214
46 216
46 219
46 226
46 228
46 229
46 231
46 232
46 239
46 240
46 241
46 249
46 250
46 254
46 256
46 267
46 271
46 279
46 281
46 291
46 303
46 305
46 308
46 310
46 313
46 318
47 48
47 55
47 57
47 58
47 60
47 61
47 74
47 78
47 98
47 103
47 104
47 105
47 111
47 112
47 115
47 117
47 129
47 138
47 144
47 150
47 159
47 161
47 166
47 170
47 176
47 179
47 200
47 201
47 202
47 203
47 212
47 221
47 227
47 231
47 238
47 242
47 247
47 249
47 256
47 271
47 276
47 278
47 290
47 291
47 296
47 314
47 319
48 51
48 64
48 68
48 69
48 71
48 77
48 79
48 82
48 91
48 94
48 98
48 100
48 103
48 108
48 110
48 112
48 113
48 116
48 118
48 120
48 122
48 124
48 134
48 136
48 139
48 142
48 160
48 191
48 197
48 200
48 202
48 209
48 213
48 216
48 217
48 235
48 236
48 241
48 250
48 257
48 260
48 267
48 270
48 274
48 282
48 293
48 296
48 303
48 305
48 306
48 309
48 319
49 52
49 55
49 57
49 64
49 65
49 83
49 85
49 92
49 96
49 97
49 102
49 108
49 109
49 110
49 111
49 115
49 116
49 120
49 127
49 130
49 132
49 135
49 138
49 143
49 151
49 154
49 167
49 168
49 169
49 178
49 179
49 181
49 191
49 194
49 195
49 214
49 216
49 223
49 232
49 236
49 239
49 240
49 242
49 244
49 251
49 257
49 261
49 264
49 267
49 268
49 272
49 274
49 282
49 287
49 291
49 314
49 316
49 317
49 319
50 59
50 69
50 75
50 81
50 83
50 84
50 88
50 92
50 93
50 96
50 100
50 104
50 110
50 130
50 153
50 156
50 157
50 165
50 166
50 173
50 174
50 175
50 176
50 178
50 184
50 186
50 200
50 202
50 203
50 206
50 211
50 219
50 220
50 222
50 263
50 268
50 272
50 277
50 282
50 283
50 285
50 286
50 288
50 296
50 303
50 312
50 313
50 314
51 55
51 60
51 80
51 98
51 108
51 114
51 118
51 119
51 120
51 121
51 123
51 125
51 127
51 133
51 134
51 137
51 138
51 139
51 140
51 149
51 162
51 163
51 166
51 174
51 176
51 187
51 188
51 189
51 193
51 195
51 206
51 208
51 216
51 226
51 234
51 236
51 237
51 246
51 249
51 257
51 270
51 272
51 284
51 289
51 299
51 306
52 56
52 61
52 62
52 64
52 68
52 69
52 70
52 80
52 102
52 109
52 110
52 113
52 117
52 119
52 128
52 130
52 132
52 133
52 140
52 141
52 142
52 143
52 146
52 147
52 153
52 154
52 159
52 163
52 164
52 169
52 181
52 192
52 194
52 197
52 210
52 213
52 217
52 223
52 229
52 230
52 233
52 235
52 240
52 241
52 246
52 252
52 257
52 258
52 262
52 263
52 266
52 275
52 279
52 291
52 293
52 294
52 318
52 319
53 61
53 62
53 68
53 69
53 78
53 80
53 82
53 84
53 88
53 99
53 100
53 102
53 111
53 113
53 114
53 128
53 129
53 130
53 132
53 134
53 135
53 138
53 152
53 163
53 167
53 182
53 184
53 186
53 192
53 197
53 205
53 206
53 207
53 212
53 216
53 217
53 221
53 225
53 230
53 252
53 265
53 266
53 267
53 270
53 274
53 276
53 280
53 287
53 290
53 292
53 294
53 299
53 300
53 308
53 309
53 310
53 315
53 319
54 59
54 62
54 64
54 67
54 80
54 81
54 103
54 104
54 105
54 106
54 107
54 108
54 109
54 111
54 117
54 123
54 125
54 127
54 138
54 145
54 167
54 169
54 170
54 173
54 177
54 178
54 193
54 200
54 201
54 204
54 209
54 212
54 214
54 219
54 221
54 224
54 227
54 230
54 231
54 234
54 247
54 254
54 258
54 272
54 274
54 275
54 279
54 286
54 293
54 304
54 306
55 57
55 68
55 70
55 73
55 84
55 85
55 89
55 90
55 99
55 103
55 108
55 110
55 113
55 115
55 121
55 122
55 124
55 125
55 126
55 149
55 150
55 157
55 168
55 169
55 172
55 179
55 184
55 191
55 197
55 198
55 203
55 216
55 229
55 238
55 239
55 243
55 244
55 246
55 250
55 261
55 269
55 272
55 287
55 292
55 293
55 296
55 301
55 302
55 308
55 315
56 63
56 67
56 71
56 73
56 76
56 83
56 97
56 116
56 118
56 120
56 132
56 133
56 139
56 140
56 141
56 147
56 148
56 151
56 155
56 157
56 158
56 169
56 176
56 197
56 207
56 215
56 217
56 218
56 227
56 228
56 239
56 243
56 250
56 255
56 257
56 258
56 266
56 271
56 284
56 286
56 289
56 297
56 302
56 310
56 314
56 316
56 317
56 318
57 60
57 61
57 69
57 70
57 74
57 75
57 85
57 97
57 100
57 104
57 131
57 152
57 155
57 158
57 162
57 181
57 196
57 201
57 213
57 214
57 216
57 219
57 228
57 232
57 243
57 251
57 263
57 264
57 266
57 267
57 271
57 272
57 275
57 278
57 282
57 286
57 291
57 299
57 303
57 306
57 310
57 311
57 314
57 317
58 69
58 72
58 79
58 83
58 97
58 99
58 102
58 103
58 106
58 110
58 123
58 126
58 133
58 150
58 152
58 156
58 160
58 168
58 171
58 181
58 185
58 196
58 213
58 215
58 227
58 228
58 252
58 256
58 263
58 275
58 280
58 284
58 288
58 293
58 295
58 303
58 306
58 316
59 63
59 78
59 84
59 99
59 100
59 101
59 103
59 107
59 119
59 123
59 133
59 138
59 139
59 141
59 142
59 155
59 156
59 161
59 164
59 170
59 171
59 174
59 176
59 186
59 193
59 194
59 196
59 199
59 206
59 214
59 215
59 225
59 229
59 234
59 245
59 246
59 253
59 254
59 255
59 260
59 264
59 265
59 268
59 269
59 286
59 292
59 293
59 294
59 298
59 305
59 308
59 315
59 316
60 61
60 66
60 72
60 76
60 84
60 89
60 104
60 105
60 110
60 113
60 123
60 125
60 126
60 136
60 145
60 149
60 160
60 161
60 166
60 168
60 173
60 174
60 175
60 177
60 184
60 188
60 190
60 194
60 197
60 199
60 201
60 211
60 214
60 216
60 220
60 222
60 236
60 237
60 241
60 242
60 247
60 249
60 250
60 253
60 257
60 259
60 269
60 270
60 277
60 283
60 291
60 295
60 299
60 307
60 315
60 317
60 318
61 68
61 70
61 71
61 74
61 75
61 79
61 88
61 91
61 95
61 101
61 102
61 107
61 109
61 112
61 113
61 118
61 123
61 124
61 125
61 128
61 139
61 141
61 143
61 145
61 146
61 149
61 158
61 164
61 165
61 185
61 190
61 209
61 216
61 218
61 222
61 226
61 228
61 232
61 237
61 249
61 253
61 264
61 273
61 287
61 291
61 302
61 307
61 311
61 313
61 316
62 66
62 67
62 75
62 77
62 79
62 81
62 86
62 87
62 92
62 94
62 101
62 102
62 108
62 115
62 117
62 119
62 122
62 124
62 132
62 135
62 136
62 137
62 138
62 144
62 147
62 148
62 149
62 151
62 157
62 162
62 166
62 180
62 195
62 211
62 213
62 218
62 221
62 222
62 236
62 238
62 239
62 242
62 245
62 247
62 250
62 252
62 258
62 264
62 273
62 275
62 283
62 286
62 288
62 289
62 292
62 293
62 296
62 300
62 301
62 303
62 308
62 309
62 318
62 319
63 66
63 74
63 80
63 87
63 89
63 92
63 99
63 102
63 106
63 113
63 119
63 128
63 137
63 147
63 151
63 153
63 155
63 157
63 161
63 164
63 177
63 181
63 201
63 204
63 212
63 214
63 222
63 226
63 228
63 230
63 232
63 233
63 235
63 240
63 243
63 247
63 254
63 256
63 261
63 266
63 270
63 273
63 274
63 287
63 295
63 304
63 314
63 316
64 66
64 70
64 73
64 79
64 97
64 98
64 100
64 104
64 106
64 110
64 112
64 118
64 123
64 128
64 129
64 130
64 132
64 135
64 138
64 140
64 141
64 166
64 169
64 173
64 177
64 179
64 189
64 192
64 194
64 197
64 208
64 211
64 219
64 220
64 236
64 242
64 243
64 244
64 248
64 258
64 271
64 281
64 282
64 293
64 294
64 299
64 303
64 309
64 310
64 319
65 75
65 93
65 109
65 114
65 117
65 118
65 125
65 129
65 144
65 146
65 155
65 161
65 177
65 181
65 186
65 198
65 205
65 235
65 247
65 258
65 267
65 270
65 271
65 272
65 277
65 279
65 281
65 286
65 289
65 302
65 305
65 312
65 313
65 318
65 319
66 75
66 82
66 94
66 97
66 121
66 122
66 123
66 124
66 126
66 132
66 133
66 134
66 135
66 138
66 139
66 154
66 155
66 158
66 166
66 174
66 179
66 182
66 193
66 199
66 206
66 221
66 222
66 223
66 232
66 234
66 245
66 252
66 263
66 267
66 277
66 278
66 281
66 282
66 285
66 287
66 290
66 291
66 292
66 303
66 305
66 312
66 318
67 68
67 70
67 73
67 76
67 80
67 86
67 88
67 94
67 96
67 99
67 102
67 104
67 106
67 119
67 132
67 133
67 135
67 140
67 146
67 149
67 151
67 154
67 160
67 161
67 165
67 166
67 168
67 172
67 173
67 186
67 187
67 191
67 193
67 196
67 198
67 212
67 214
67 216
67 227
67 229
67 232
67 239
67 241
67 245
67 249
67 252
67 262
67 270
67 274
67 275
67 276
67 280
67 287
67 297
67 305
67 306
67 312
67 319
68 76
68 79
68 80
68 91
68 95
68 96
68 98
68 100
68 104
68 112
68 127
68 128
68 144
68 148
68 150
68 154
68 158
68 170
68 171
68 173
68 180
68 182
68 190
68 192
68 207
68 222
68 228
68 233
68 237
68 238
68 239
68 242
68 244
68 249
68 251
68 253
68 264
68 265
68 266
68 271
68 274
68 282
68 284
68 293
68 294
68 296
68 303
68 315
68 316
69 70
69 78
69 81
69 90
69 97
69 107
69 110
69 111
69 112
69 114
69 115
69 120
69 125
69 127
69 129
69 136
69 137
69 140
69 143
69 145
69 151
69 152
69 154
69 175
69 188
69 193
69 194
69 197
69 198
69 200
69 203
69 207
69 210
69 213
69 216
69 221
69 222
69 225
69 236
69 241
69 247
69 257
69 275
69 297
69 298
69 300
69 301
69 302
69 305
70 73
70 77
70 80
70 81
70 84
70 87
70 89
70 96
70 106
70 112
70 113
70 116
70 119
70 121
70 123
70 125
70 128
70 134
70 135
70 139
70 141
70 146
70 147
70 149
70 152
70 168
70 184
70 189
70 192
70 193
70 195
70 201
70 215
70 216
70 219
70 228
70 242
70 243
70 247
70 250
70 253
70 257
70 261
70 264
70 270
70 271
70 275
70 278
70 280
70 283
70 298
70 308
70 309
70 310
70 313
70 314
70 315
70 317
71 79
71 86
71 89
71 91
71 104
71 122
71 133
71 135
71 138
71 140
71 143
71 145
71 150
71 153
71 157
71 159
71 162
71 164
71 174
71 177
71 181
71 201
71 213
71 225
71 226
71 229
71 238
71 243
71 252
71 255
71 259
71 261
71 263
71 267
71 276
71 280
71 282
71 287
71 290
71 292
71 296
71 297
71 298
71 305
71 307
71 308
71 310
71 313
72 80
72 82
72 87
72 88
72 90
72 92
72 106
72 110
72 117
72 121
72 125
72 127
72 136
72 137
72 153
72 156
72 164
72 167
72 172
72 181
72 185
72 188
72 203
72 205
72 216
72 218
72 221
72 224
72 227
72 230
72 231
72 234
72 237
72 243
72 244
72 246
72 247
72 265
72 271
72 295
72 296
72 299
72 310
72 312
72 317
73 82
73 88
73 94
73 101
73 102
73 107
73 116
73 122
73 123
73 129
73 130
73 131
73 134
73 138
73 140
73 145
73 146
73 147
73 148
73 151
73 159
73 163
73 179
73 183
73 187
73 188
73 189
73 190
73 198
73 201
73 203
73 209
73 211
73 219
73 227
73 228
73 230
73 232
73 237
73 243
73 245
73 249
73 252
73 253
73 254
73 257
73 264
73 266
73 267
73 275
73 279
73 289
73 298
73 302
73 313
73 315
73 316
73 317
74 77
74 90
74 92
74 107
74 110
74 112
74 118
74 122
74 126
74 127
74 129
74 130
74 131
74 135
74 136
74 141
74 145
74 150
74 152
74 159
74 170
74 179
74 193
74 199
74 206
74 208
74 212
74 217
74 228
74 235
74 249
74 252
74 253
74 267
74 273
74 276
74 291
74 298
74 306
74 307
74 308
74 310
74 312
74 316
75 76
75 80
75 95
75 104
75 106
75 109
75 114
75 125
75 127
75 138
75 146
75 157
75 165
75 169
75 171
75 180
75 193
75 218
75 220
75 244
75 247
75 253
75 255
75 260
75 261
75 269
75 282
75 298
75 299
75 307
75 313
75 314
75 317
76 78
76 83
76 93
76 97
76 108
76 113
76 117
76 119
76 125
76 126
76 127
76 137
76 141
76 154
76 170
76 179
76 182
76 183
76 190
76 192
76 193
76 202
76 206
76 215
76 217
76 219
76 226
76 234
76 235
76 243
76 247
76 249
76 250
76 253
76 268
76 271
76 274
76 277
76 279
76 280
76 281
76 282
76 288
76 289
76 290
76 292
76 298
76 301
76 305
76 313
76 318
77 78
77 79
77 88
77 92
77 100
77 103
77 115
77 116
77 119
77 121
77 123
77 140
77 147
77 156
77 170
77 174
77 183
77 190
77 191
77 195
77 200
77 205
77 208
77 217
77 224
77 229
77 231
77 234
77 235
77 243
77 249
77 253
77 255
77 258
77 263
77 268
77 275
77 276
77 277
78 80
78 86
78 89
78 97
78 98
78 102
78 106
78 109
78 113
78 114
78 118
78 120
78 122
78 124
78 125
78 131
78 135
78 143
78 151
78 157
78 161
78 162
78 173
78 174
78 186
78 191
78 192
78 202
78 205
78 208
78 209
78 225
78 226
78 233
78 239
78 240
78 241
78 243
78 253
78 254
78 261
78 263
78 266
78 279
78 280
78 289
78 291
78 308
78 310
78 314
79 80
79 84
79 97
79 102
79 118
79 124
79 130
79 133
79 140
79 141
79 153
79 156
79 173
79 184
79 187
79 190
79 193
79 201
79 207
79 209
79 212
79 226
79 228
79 229
79 231
79 235
79 237
79 248
79 251
79 255
79 265
79 270
79 280
79 284
79 292
79 303
79 304
79 313
79 317
80 90
80 95
80 98
80 100
80 102
80 104
80 105
80 106
80 118
80 119
80 121
80 127
80 131
80 134
80 142
80 143
80 146
80 154
80 155
80 159
80 165
80 169
80 174
80 178
80 183
80 191
80 193
80 205
80 207
80 215
80 216
80 217
80 221
80 223
80 229
80 235
80 238
80 244
80 245
80 253
80 259
80 264
80 271
80 278
80 280
80 282
80 287
80 295
80 297
80 303
80 304
80 307
80 311
80 312
80 315
80 318
81 89
81 91
81 93
81 96
81 107
81 125
81 129
81 135
81 137
81 145
81 150
81 152
81 157
81 161
81 166
81 167
81 182
81 190
81 191
81 192
81 203
81 212
81 215
81 216
81 220
81 226
81 230
81 231
81 236
81 238
81 243
81 247
81 250
81 253
81 258
81 261
81 262
81 263
81 265
81 269
81 278
81 279
81 284
81 292
81 307
81 312
81 319
82 86
82 89
82 92
82 97
82 100
82 103
82 108
82 121
82 122
82 136
82 138
82 142
82 144
82 146
82 152
82 164
82 167
82 172
82 175
82 185
82 186
82 187
82 188
82 189
82 198
82 204
82 205
82 216
82 224
82 226
82 229
82 235
82 241
82 242
82 247
82 250
82 253
82 261
82 282
82 283
82 291
82 295
82 296
82 304
82 305
82 309
82 310
82 311
82 312
82 317
83 84
83 97
83 100
83 103
83 106
83 109
83 112
83 116
83 121
83 122
83 130
83 131
83 135
83 137
83 140
83 146
83 150
83 152
83 155
83 158
83 168
83 169
83 189
83 191
83 195
83 201
83 203
83 211
83 214
83 223
83 228
83 243
83 245
83 251
83 252
83 255
83 256
83 280
83 287
83 289
83 291
83 293
83 296
83 300
83 305
83 306
83 311
84 87
84 92
84 97
84 98
84 107
84 110
84 114
84 122
84 126
84 128
84 136
84 138
84 143
84 149
84 156
84 164
84 178
84 184
84 186
84 190
84 192
84 194
84 198
84 219
84 223
84 230
84 239
84 243
84 246
84 254
84 261
84 275
84 277
84 282
84 291
84 292
84 294
84 299
84 301
84 302
84 303
84 304
84 312
84 313
84 316
84 317
85 87
85 90
85 94
85 97
85 100
85 115
85 116
85 118
85 122
85 125
85 128
85 129
85 140
85 147
85 148
85 156
85 158
85 161
85 162
85 165
85 166
85 167
85 181
85 185
85 187
85 197
85 199
85 212
85 213
85 218
85 220
85 226
85 229
85 234
85 235
85 236
85 237
85 240
85 254
85 257
85 261
85 264
85 267
85 274
85 278
85 281
85 283
85 287
85 292
85 300
85 304
85 305
85 318
86 89
86 90
86 92
86 93
86 94
86 103
86 105
86 117
86 120
86 132
86 137
86 149
86 152
86 154
86 166
86 177
86 178
86 187
86 188
86 191
86 194
86 198
86 200
86 206
86 207
86 215
86 216
86 222
86 225
86 230
86 235
86 239
86 244
86 246
86 262
86 268
86 274
86 278
86 283
86 287
86 292
86 298
86 312
86 318
87 100
87 104
87 105
87 109
87 111
87 122
87 125
87 126
87 127
87 134
87 136
87 138
87 148
87 150
87 169
87 172
87 175
87 181
87 184
87 185
87 191
87 192
87 203
87 215
87 216
87 220
87 221
87 223
87 224
87 226
87 233
87 234
87 236
87 242
87 245
87 248
87 249
87 254
87 257
87 263
87 265
87 270
87 273
87 289
87 295
87 298
87 307
87 309
87 312
87 316
88 96
88 104
88 112
88 113
88 118
88 122
88 131
88 144
88 147
88 168
88 169
88 174
88 180
88 183
88 184
88 217
88 221
88 227
88 229
88 256
88 271
88 278
88 280
88 289
88 291
88 298
88 302
88 303
88 306
88 309
88 310
88 311
88 315
88 318
89 91
89 94
89 98
89 99
89 106
89 113
89 119
89 120
89 121
89 126
89 131
89 137
89 144
89 154
89 158
89 160
89 161
89 167
89 178
89 179
89 186
89 192
89 199
89 201
89 205
89 210
89 216
89 220
89 228
89 241
89 243
89 244
89 245
89 248
89 249
89 250
89 264
89 267
89 277
89 280
89 284
89 293
89 298
89 300
89 313
89 318
90 93
90 95
90 96
90 105
90 124
90 134
90 137
90 138
90 142
90 145
90 157
90 164
90 168
90 177
90 187
90 200
90 204
90 209
90 216
90 223
90 224
90 227
90 229
90 231
90 242
90 246
90 253
90 256
90 262
90 264
90 266
90 272
90 292
90 298
90 299
90 302
90 315
91 92
91 99
91 101
91 110
91 111
91 118
91 124
91 128
91 133
91 151
91 153
91 156
91 157
91 162
91 163
91 177
91 190
91 199
91 200
91 202
91 207
91 213
91 219
91 220
91 221
91 223
91 235
91 248
91 249
91 261
91 262
91 264
91 267
91 271
91 278
91 280
91 284
91 285
91 289
91 299
91 301
91 309
91 316
92 94
92 95
92 100
92 102
92 109
92 110
92 117
92 118
92 127
92 130
92 131
92 134
92 143
92 144
92 151
92 157
92 158
92 161
92 172
92 177
92 180
92 192
92 194
92 203
92 205
92 206
92 214
92 218
92 219
92 229
92 230
92 234
92 237
92 240
92 242
92 243
92 255
92 259
92 266
92 268
92 272
92 309
92 310
92 314
93 100
93 101
93 103
93 104
93 108
93 114
93 117
93 125
93 127
93 132
93 147
93 151
93 153
93 155
93 160
93 161
93 163
93 172
93 174
93 175
93 181
93 183
93 189
93 191
93 194
93 196
93 197
93 200
93 203
93 206
93 211
93 212
93 220
93 228
93 235
93 242
93 250
93 257
93 263
93 264
93 271
93 273
93 275
93 278
93 283
93 285
93 295
93 302
93 307
93 309
93 311
93 316
93 317
94 103
94 105
94 108
94 114
94 117
94 122
94 123
94 125
94 127
94 130
94 144
94 146
94 147
94 153
94 157
94 162
94 163
94 166
94 167
94 171
94 176
94 191
94 205
94 212
94 217
94 223
94 231
94 233
94 234
94 235
94 239
94 243
94 244
94 255
94 262
94 272
94 273
94 282
94 285
94 298
94 306
95 109
95 113
95 114
95 116
95 119
95 133
95 136
95 145
95 148
95 149
95 150
95 161
95 165
95 166
95 170
95 177
95 181
95 187
95 190
95 197
95 200
95 203
95 208
95 224
95 225
95 228
95 229
95 233
95 235
95 239
95 248
95 250
95 252
95 256
95 260
95 261
95 268
95 272
95 275
95 278
95 283
95 290
95 293
95 303
95 306
95 308
95 311
96 100
96 105
96 106
96 110
96 114
96 115
96 120
96 121
96 133
96 137
96 141
96 142
96 157
96 158
96 163
96 165
96 166
96 167
96 173
96 190
96 198
96 200
96 201
96 208
96 212
96 214
96 216
96 217
96 218
96 232
96 242
96 244
96 255
96 264
96 266
96 271
96 273
96 280
96 285
96 286
96 290
96 296
96 297
96 301
96 310
96 313
97 106
97 109
97 115
97 139
97 141
97 148
97 150
97 151
97 152
97 160
97 164
97 166
97 169
97 192
97 203
97 219
97 230
97 237
97 240
97 242
97 243
97 247
97 249
97 261
97 276
97 280
97 282
97 284
97 285
97 291
97 292
97 294
97 295
97 302
97 307
97 308
97 309
97 311
98 102
98 107
98 108
98 118
98 120
98 122
98 125
98 152
98 154
98 155
98 172
98 187
98 189
98 190
98 193
98 206
98 208
98 225
98 230
98 233
98 238
98 244
98 245
98 247
98 259
98 260
98 267
98 268
98 273
98 276
98 277
98 289
98 290
98 296
98 306
98 310
98 312
98 314
99 101
99 107
99 108
99 116
99 119
99 125
99 134
99 137
99 142
99 146
99 147
99 149
99 151
99 154
99 155
99 157
99 167
99 173
99 184
99 188
99 198
99 200
99 205
99 207
99 218
99 220
99 221
99 222
99 226
99 229
99 234
99 244
99 256
99 257
99 279
99 281
99 284
99 291
99 294
99 304
99 306
99 314
99 318
100 103
100 111
100 113
100 116
100 125
100 133
100 135
100 137
100 141
100 144
100 149
100 153
100 154
100 155
100 156
100 158
100 159
100 162
100 163
100 166
100 169
100 170
100 172
100 183
100 184
100 185
100 189
100 194
100 199
100 207
100 213
100 226
100 231
100 238
100 239
100 240
100 245
100 248
100 249
100 250
100 251
100 252
100 256
100 258
100 259
100 266
100 277
100 286
100 288
100 291
100 298
100 306
100 312
100 313
100 314
101 105
101 106
101 107
101 122
101 126
101 131
101 133
101 134
101 136
101 138
101 145
101 148
101 149
101 158
101 162
101 164
101 165
101 181
101 183
101 184
101 188
101 196
101 207
101 213
101 214
101 230
101 241
101 249
101 267
101 275
101 285
101 289
101 292
101 310
101 313
101 315
101 318
101 319
102 103
102 110
102 112
102 126
102 128
102 139
102 144
102 146
102 150
102 152
102 154
102 157
102 162
102 169
102 174
102 178
102 180
102 187
102 194
102 206
102 220
102 222
102 223
102 238
102 242
102 246
102 250
102 251
102 253
102 258
102 260
102 269
102 274
102 276
102 290
102 300
102 303
102 311
102 314
102 318
103 104
103 109
103 123
103 126
103 128
103 133
103 135
103 139
103 141
103 144
103 148
103 151
103 153
103 156
103 160
103 162
103 170
103 171
103 173
103 180
103 188
103 189
103 192
103 193
103 202
103 203
103 205
103 206
103 220
103 227
103 230
103 231
103 251
103 252
103 254
103 259
103 263
103 265
103 266
103 279
103 285
103 288
103 296
103 302
103 313
103 315
104 106
104 109
104 110
104 116
104 121
104 127
104 154
104 173
104 178
104 184
104 187
104 191
104 194
104 199
104 208
104 225
104 252
104 254
104 263
104 274
104 277
104 280
104 285
104 289
104 304
104 316
105 113
105 119
105 125
105 127
105 130
105 133
105 138
105 142
105 143
105 150
105 154
105 157
105 160
105 170
105 171
105 173
105 177
105 182
105 193
105 201
105 202
105 204
105 213
105 216
105 224
105 230
105 234
105 237
105 244
105 245
105 246
105 250
105 252
105 257
105 260
105 261
105 267
105 273
105 278
105 286
105 288
105 290
105 292
105 300
105 301
105 302
105 308
105 310
105 311
105 312
105 314
105 318
105 319
106 107
106 116
106 118
106 128
106 132
106 137
106 148
106 149
106 154
106 167
106 183
106 189
106 192
106 193
106 198
106 199
106 203
106 207
106 209
106 213
106 221
106 224
106 226
106 233
106 238
106 242
106 273
106 274
106 277
106 283
106 285
106 287
106 319
107 130
107 141
107 149
107 150
107 156
107 168
107 171
107 194
107 196
107 200
107 205
107 208
107 213
107 214
107 215
107 220
107 230
107 242
107 243
107 248
107 259
107 260
107 266
107 269
107 270
107 272
107 276
107 281
107 284
107 285
107 287
107 289
107 290
107 293
107 295
107 296
107 303
107 306
107 307
107 310
107 312
108 117
108 120
108 123
108 126
108 128
108 133
108 134
108 135
108 145
108 152
108 170
108 172
108 189
108 190
108 191
108 197
108 198
108 201
108 210
108 211
108 213
108 215
108 219
108 227
108 228
108 229
108 232
108 233
108 234
108 235
108 236
108 239
108 252
108 273
108 284
108 287
108 291
108 298
108 315
108 317
109 113
109 116
109 117
109 124
109 132
109 133
109 134
109 143
109 154
109 158
109 163
109 166
109 171
109 172
109 177
109 187
109 188
109 194
109 196
109 212
109 217
109 218
109 219
109 222
109 224
109 229
109 235
109 239
109 248
109 259
109 261
109 271
109 277
109 279
109 302
110 113
110 119
110 127
110 128
110 132
110 137
110 140
110 142
110 151
110 160
110 172
110 190
110 191
110 192
110 196
110 199
110 202
110 215
110 219
110 221
110 226
110 231
110 234
110 239
110 242
110 247
110 256
110 261
110 262
110 265
110 274
110 275
110 281
110 282
110 283
110 291
110 298
110 299
110 306
110 308
110 315
111 115
111 116
111 119
111 122
111 123
111 127
111 133
111 135
111 137
111 154
111 157
111 160
111 163
111 164
111 172
111 173
111 174
111 185
111 194
111 196
111 197
111 202
111 210
111 214
111 219
111 223
111 247
111 256
111 262
111 266
111 278
111 282
111 294
111 311
111 314
111 315
111 317
112 114
112 116
112 125
112 128
112 129
112 130
112 142
112 146
112 147
112 157
112 160
112 161
112 165
112 170
112 179
112 181
112 189
112 190
112 192
112 195
112 196
112 198
112 222
112 224
112 226
112 227
112 230
112 244
112 252
112 254
112 263
112 264
112 267
112 274
112 278
112 288
112 289
112 293
112 295
112 297
112 305
112 310
112 314
113 117
113 122
113 127
113 130
113 132
113 135
113 136
113 137
113 146
113 148
113 149
113 153
113 154
113 157
113 161
113 164
113 168
113 171
113 175
113 178
113 179
113 188
113 192
113 193
113 199
113 203
113 204
113 218
113 230
113 236
113 237
113 239
113 243
113 262
113 263
113 273
113 274
113 277
113 278
113 283
113 286
113 298
113 302
113 303
113 310
113 313
113 319
114 116
114 117
114 119
114 121
114 129
114 138
114 139
114 140
114 144
114 148
114 151
114 152
114 161
114 177
114 182
114 183
114 187
114 189
114 197
114 198
114 202
114 206
114 212
114 223
114 225
114 229
114 235
114 240
114 241
114 250
114 253
114 257
114 259
114 267
114 271
114 275
114 282
114 284
114 286
114 288
114 293
114 294
114 296
114 305
114 306
114 310
115 119
115 120
115 122
115 125
115 126
115 128
115 129
115 135
115 137
115 141
115 153
115 157
115 173
115 177
115 180
115 181
115 192
115 195
115 198
115 203
115 212
115 216
115 220
115 224
115 226
115 229
115 233
115 234
115 236
115 240
115 244
115 248
115 249
115 251
115 258
115 260
115 270
115 273
115 280
115 286
115 287
115 298
115 303
115 306
115 308
115 317
116 128
116 129
116 133
116 136
116 137
116 141
116 144
116 154
116 163
116 167
116 174
116 176
116 177
116 188
116 199
116 205
116 210
116 214
116 225
116 227
116 241
116 245
116 253
116 258
116 263
116 277
116 282
116 284
116 285
116 288
116 290
116 292
116 295
116 299
116 304
116 306
116 309
117 121
117 122
117 128
117 135
117 144
117 147
117 148
117 149
117 150
117 158
117 160
117 168
117 181
117 183
117 194
117 196
117 201
117 205
117 208
117 210
117 219
117 233
117 234
117 236
117 249
117 256
117 259
117 262
117 265
117 276
117 277
117 282
117 284
117 289
117 296
117 318
118 120
118 121
118 125
118 142
118 155
118 157
118 159
118 163
118 166
118 167
118 171
118 173
118 183
118 187
118 198
118 200
118 205
118 211
118 217
118 219
118 231
118 232
118 237
118 253
118 254
118 260
118 263
118 265
118 273
118 276
118 278
118 290
118 294
118 310
118 313
119 125
119 126
119 128
119 130
119 133
119 134
119 135
119 143
119 153
119 154
119 179
119 184
119 192
119 204
119 210
119 213
119 217
119 228
119 229
119 234
119 237
119 247
119 248
119 252
119 253
119 255
119 260
119 264
119 266
119 267
119 270
119 271
119 275
119 284
119 291
119 296
119 298
119 308
119 312
119 314
120 126
120 129
120 130
120 133
120 152
120 162
120 174
120 176
120 180
120 189
120 195
120 199
120 204
120 207
120 209
120 210
120 217
120 218
120 225
120 226
120 230
120 243
120 244
120 247
120 263
120 266
120 272
120 290
120 296
120 297
120 304
120 307
120 308
120 311
120 312
120 313
120 319
121 122
121 123
121 131
121 134
121 142
121 144
121 148
121 155
121 158
121 163
121 164
121 174
121 185
121 191
121 199
121 203
121 207
121 210
121 211
121 212
121 214
121 230
121 235
121 236
121 240
121 241
121 246
121 251
121 254
121 258
121 271
121 274
121 285
121 288
121 292
121 294
121 299
121 300
121 305
121 310
121 311
121 313
121 318
122 128
122 139
122 142
122 146
122 150
122 160
122 163
122 164
122 169
122 172
122 177
122 180
122 187
122 192
122 194
122 205
122 207
122 210
122 211
122 213
122 214
122 216
122 219
122 223
122 228
122 245
122 253
122 256
122 259
122 265
122 268
122 273
122 274
122 284
122 289
122 295
122 297
122 303
122 304
122 306
122 312
122 314
122 318
123 133
123 138
123 140
123 141
123 143
123 159
123 165
123 174
123 179
123 184
123 201
123 206
123 208
123 209
123 217
123 222
123 231
123 249
123 258
123 260
123 265
123 266
123 272
123 273
123 278
123 279
123 282
123 283
123 292
123 294
123 295
123 298
123 299
123 306
123 312
123 318
123 319
124 129
124 130
124 131
124 149
124 155
124 160
124 180
124 185
124 204
124 205
124 209
124 210
124 215
124 222
124 228
124 230
124 232
124 240
124 241
124 245
124 249
124 250
124 252
124 257
124 263
124 268
124 271
124 281
124 298
124 299
124 305
124 307
124 312
124 314
124 319
125 126
125 127
125 128
125 141
125 144
125 147
125 152
125 173
125 180
125 185
125 187
125 191
125 193
125 196
125 197
125 204
125 212
125 216
125 219
125 221
125 222
125 223
125 228
125 233
125 234
125 236
125 238
125 239
125 243
125 252
125 259
125 267
125 268
125 272
125 279
125 281
125 284
125 286
125 290
125 293
125 307
125 313
125 317
126 139
126 147
126 149
126 150
126 156
126 160
126 162
126 163
126 170
126 173
126 178
126 181
126 182
126 191
126 195
126 196
126 207
126 210
126 235
126 266
126 271
126 275
126 280
126 284
126 291
126 294
126 296
126 298
126 311
126 318
127 128
127 131
127 134
127 142
127 156
127 158
127 159
127 164
127 166
127 173
127 183
127 184
127 189
127 215
127 219
127 223
127 224
127 229
127 233
127 235
127 237
127 238
127 241
127 244
127 250
127 252
127 263
127 272
127 274
127 279
127 280
127 281
127 286
127 290
127 291
127 295
127 296
127 297
127 308
127 312
127 317
127 318
128 132
128 141
128 145
128 146
128 148
128 157
128 167
128 189
128 190
128 196
128 216
128 223
128 224
128 232
128 238
128 242
128 243
128 244
128 245
128 246
128 247
128 249
128 254
128 261
128 270
128 272
128 273
128 281
128 284
128 293
128 298
128 299
128 306
128 312
128 317
128 319
129 132
129 138
129 149
129 154
129 160
129 161
129 164
129 167
129 173
129 177
129 181
129 186
129 187
129 188
129 190
129 193
129 196
129 199
129 209
129 214
129 223
129 224
129 226
129 227
129 228
129 244
129 248
129 252
129 256
129 257
129 259
129 260
129 266
129 270
129 274
129 281
129 286
129 288
129 290
129 298
129 299
129 304
129 305
129 307
129 308
129 311
129 318
130 131
130 147
130 150
130 154
130 183
130 201
130 209
130 210
130 215
130 220
130 227
130 231
130 234
130 235
130 237
130 239
130 241
130 242
130 244
130 247
130 255
130 256
130 259
130 264
130 266
130 268
130 275
130 279
130 282
130 283
130 294
131 138
131 143
131 148
131 164
131 167
131 168
131 175
131 177
131 190
131 194
131 208
131 209
131 211
131 214
131 220
131 222
131 239
131 243
131 252
131 256
131 260
131 266
131 268
131 272
131 276
131 278
131 282
131 283
131 288
131 292
131 296
131 298
131 302
132 133
132 139
132 140
132 142
132 151
132 153
132 161
132 173
132 176
132 180
132 183
132 187
132 191
132 192
132 194
132 195
132 197
132 214
132 225
132 230
132 236
132 242
132 243
132 252
132 264
132 265
132 274
132 285
132 286
132 288
132 293
132 294
132 300
132 301
132 302
132 311
132 313
132 315
132 318
133 146
133 150
133 151
133 152
133 161
133 162
133 164
133 171
133 176
133 180
133 182
133 184
133 191
133 195
133 196
133 198
133 204
133 208
133 221
133 222
133 225
133 231
133 236
133 239
133 240
133 243
133 260
133 268
133 269
133 281
133 282
133 287
133 289
133 301
134 135
134 147
134 149
134 164
134 194
134 197
134 200
134 209
134 216
134 217
134 222
134 226
134 237
134 239
134 250
134 254
134 260
134 269
134 271
134 275
134 289
134 290
134 291
134 298
134 308
134 311
134 317
134 318
135 144
135 147
135 150
135 156
135 158
135 164
135 176
135 180
135 184
135 193
135 201
135 203
135 211
135 217
135 219
135 220
135 223
135 225
135 226
135 227
135 228
135 230
135 235
135 238
135 240
135 242
135 245
135 246
135 248
135 254
135 256
135 260
135 261
135 267
135 269
135 277
135 278
135 285
135 290
135 291
135 299
135 300
135 302
135 304
135 307
135 310
135 318
135 319
136 149
136 150
136 151
136 154
136 158
136 161
136 162
136 163
136 178
136 179
136 186
136 209
136 216
136 221
136 225
136 229
136 234
136 246
136 251
136 263
136 267
136 269
136 271
136 275
136 276
136 289
136 293
136 299
136 300
136 303
136 308
136 311
136 313
137 139
137 140
137 141
137 142
137 147
137 154
137 161
137 169
137 172
137 175
137 178
137 179
137 183
137 184
137 186
137 190
137 191
137 197
137 198
137 200
137 204
137 212
137 214
137 217
137 234
137 236
137 240
137 241
137 249
137 255
137 261
137 272
137 277
137 278
137 280
137 282
137 294
137 295
137 300
137 302
137 304
137 307
137 308
137 309
137 310
137 319
138 140
138 142
138 151
138 159
138 160
138 162
138 163
138 166
138 168
138 173
138 175
138 178
138 183
138 185
138 187
138 188
138 189
138 194
138 202
138 212
138 213
138 220
138 222
138 233
138 234
138 236
138 246
138 253
138 259
138 267
138 268
138 271
138 273
138 278
138 280
138 282
138 283
138 292
138 294
138 295
138 302
138 319
139 140
139 146
139 147
139 148
139 151
139 155
139 157
139 158
139 161
139 162
139 173
139 182
139 191
139 197
139 199
139 201
139 203
139 206
139 211
139 215
139 220
139 221
139 225
139 226
139 229
139 231
139 244
139 248
139 253
139 255
139 257
139 262
139 269
139 272
139 283
139 288
139 289
139 297
139 298
139 303
139 304
139 307
139 319
140 147
140 152
140 163
140 165
140 177
140 192
140 199
140 205
140 207
140 208
140 210
140 224
140 225
140 231
140 235
140 243
140 250
140 253
140 258
140 261
140 267
140 270
140 274
140 290
140 309
140 312
140 317
141 152
141 156
141 158
141 169
141 173
141 177
141 182
141 199
141 202
141 203
141 214
141 219
141 220
141 223
141 224
141 232
141 236
141 245
141 251
141 252
141 257
141 258
141 261
141 270
141 273
141 286
141 288
141 300
141 306
141 308
141 309
141 312
142 143
142 147
142 150
142 172
142 174
142 181
142 186
142 194
142 195
142 213
142 221
142 222
142 224
142 231
142 235
142 238
142 240
142 242
142 256
142 269
142 270
142 273
142 276
142 279
142 285
142 286
142 297
142 300
142 301
142 306
142 310
142 312
142 316
143 150
143 152
143 158
143 162
143 171
143 180
143 183
143 184
143 188
143 198
143 201
143 206
143 208
143 214
143 222
143 227
143 228
143 231
143 242
143 243
143 250
143 251
143 261
143 262
143 263
143 266
143 270
143 271
143 274
143 277
143 278
143 290
143 292
143 293
143 303
143 304
143 312
143 316
143 317
144 146
144 151
144 155
144 163
144 171
144 177
144 189
144 193
144 197
144 201
144 207
144 215
144 218
144 221
144 229
144 235
144 236
144 238
144 247
144 254
144 255
144 256
144 257
144 262
144 269
144 276
144 285
144 286
144 289
144 294
144 301
144 302
144 305
144 307
145 150
145 156
145 157
145 160
145 163
145 166
145 181
145 190
145 197
145 199
145 203
145 205
145 212
145 213
145 216
145 217
145 221
145 229
145 232
145 234
145 236
145 244
145 249
145 254
145 255
145 258
145 259
145 261
145 267
145 268
145 275
145 278
145 279
145 291
145 292
145 293
145 296
145 308
145 309
145 313
145 314
145 315
146 155
146 159
146 169
146 170
146 171
146 172
146 174
146 179
146 188
146 190
146 199
146 204
146 211
146 212
146 214
146 220
146 222
146 226
146 227
146 235
146 240
146 255
146 263
146 264
146 267
146 274
146 287
146 290
146 293
146 296
146 302
146 312
146 316
147 149
147 152
147 154
147 164
147 169
147 174
147 176
147 180
147 181
147 182
147 185
147 188
147 191
147 193
147 194
147 196
147 213
147 214
147 215
147 222
147 225
147 231
147 245
147 248
147 250
147 252
147 253
147 259
147 265
147 268
147 273
147 277
147 278
147 282
147 303
147 304
147 306
147 309
147 312
147 316
147 317
147 319
148 163
148 168
148 169
148 172
148 188
148 190
148 196
148 199
148 207
148 217
148 225
148 231
148 237
148 253
148 261
148 272
148 274
148 278
148 279
148 284
148 285
148 286
148 288
148 302
148 303
148 310
148 312
148 314
148 317
148 319
149 150
149 159
149 174
149 175
149 179
149 181
149 186
149 187
149 190
149 193
149 197
149 198
149 207
149 211
149 212
149 215
149 217
149 220
149 224
149 226
149 240
149 250
149 257
149 259
149 269
149 270
149 276
149 277
149 280
149 291
149 296
149 298
149 300
149 302
149 310
149 312
149 314
149 316
150 153
150 159
150 166
150 169
150 176
150 182
150 194
150 199
150 203
150 206
150 209
150 214
150 215
150 223
150 226
150 227
150 229
150 256
150 267
150 272
150 273
150 274
150 281
150 284
150 288
150 302
151 156
151 162
151 163
151 168
151 170
151 171
151 173
151 183
151 187
151 195
151 196
151 197
151 201
151 202
151 203
151 204
151 211
151 212
151 216
151 217
151 224
151 232
151 241
151 257
151 264
151 266
151 268
151 271
151 272
151 281
151 284
151 288
151 289
151 290
151 306
151 315
152 161
152 163
152 172
152 179
152 182
152 208
152 209
152 213
152 219
152 222
152 229
152 233
152 235
152 236
152 245
152 247
152 257
152 262
152 263
152 267
152 271
152 278
152 290
152 298
152 306
152 312
152 313
153 163
153 166
153 168
153 175
153 177
153 181
153 186
153 201
153 212
153 216
153 224
153 225
153 228
153 238
153 246
153 247
153 251
153 253
153 256
153 259
153 260
153 261
153 270
153 272
153 288
153 289
153 292
153 298
153 311
153 312
154 156
154 163
154 165
154 167
154 178
154 185
154 188
154 192
154 193
154 195
154 197
154 199
154 203
154 205
154 211
154 216
154 224
154 228
154 235
154 236
154 242
154 261
154 267
154 268
154 270
154 276
154 281
154 284
154 285
154 288
154 289
154 290
154 292
154 304
154 312
154 314
155 158
155 161
155 163
155 176
155 181
155 184
155 191
155 199
155 205
155 214
155 222
155 224
155 226
155 227
155 231
155 236
155 242
155 243
155 249
155 252
155 254
155 256
155 257
155 260
155 261
155 263
155 264
155 267
155 270
155 272
155 279
155 293
155 298
155 310
155 313
155 314
156 157
156 160
156 161
156 162
156 163
156 166
156 167
156 172
156 173
156 174
156 176
156 186
156 188
156 193
156 209
156 210
156 212
156 213
156 216
156 235
156 240
156 244
156 245
156 250
156 258
156 261
156 271
156 272
156 274
156 275
156 277
156 281
156 291
156 292
156 305
156 317
156 318
157 158
157 160
157 173
157 188
157 190
157 193
157 197
157 201
157 236
157 238
157 239
157 247
157 251
157 252
157 254
157 256
157 260
157 263
157 269
157 271
157 285
157 294
157 303
158 159
158 166
158 176
158 180
158 182
158 183
158 189
158 210
158 218
158 223
158 226
158 240
158 241
158 242
158 245
158 248
158 249
158 253
158 254
158 260
158 263
158 266
158 271
158 274
158 276
158 280
158 286
158 296
158 301
158 304
158 313
158 319
159 163
159 172
159 173
159 174
159 176
159 179
159 187
159 196
159 197
159 215
159 219
159 220
159 224
159 227
159 233
159 234
159 235
159 240
159 241
159 254
159 257
159 260
159 265
159 274
159 283
159 290
159 291
159 293
159 305
159 310
159 318
159 319
160 162
160 184
160 190
160 195
160 202
160 210
160 223
160 226
160 230
160 231
160 232
160 237
160 242
160 243
160 247
160 248
160 276
160 281
160 283
160 291
160 306
160 307
160 308
160 319
161 172
161 192
161 202
161 204
161 213
161 222
161 225
161 226
161 229
161 231
161 232
161 238
161 239
161 248
161 249
161 251
161 269
161 273
161 274
161 287
161 289
161 290
161 291
161 294
161 296
161 298
161 302
161 307
161 309
162 172
162 184
162 185
162 195
162 200
162 201
162 213
162 221
162 228
162 229
162 235
162 247
162 248
162 258
162 261
162 267
162 268
162 270
162 272
162 274
162 278
162 281
162 288
162 289
162 291
162 292
162 296
162 319
163 166
163 168
163 169
163 170
163 176
163 181
163 189
163 190
163 193
163 199
163 202
163 207
163 211
163 220
163 227
163 233
163 237
163 238
163 240
163 241
163 242
163 245
163 247
163 252
163 265
163 282
163 287
163 288
163 290
163 297
163 303
163 309
164 171
164 177
164 184
164 188
164 194
164 200
164 202
164 206
164 207
164 211
164 213
164 226
164 228
164 239
164 242
164 248
164 254
164 261
164 262
164 270
164 271
164 272
164 273
164 276
164 284
164 287
164 292
164 293
164 294
164 298
164 301
164 309
165 169
165 175
165 177
165 179
165 187
165 194
165 202
165 215
165 217
165 219
165 223
165 227
165 230
165 235
165 237
165 239
165 243
165 245
165 246
165 251
165 253
165 256
165 261
165 265
165 266
165 268
165 271
165 272
165 273
165 279
165 285
165 287
165 292
165 293
165 294
165 298
165 299
165 311
165 315
166 167
166 170
166 171
166 174
166 186
166 190
166 193
166 195
166 198
166 199
166 206
166 219
166 227
166 230
166 235
166 248
166 249
166 250
166 255
166 261
166 268
166 270
166 271
166 273
166 274
166 278
166 280
166 284
166 285
166 303
166 304
166 312
167 175
167 176
167 177
167 178
167 181
167 183
167 185
167 188
167 190
167 193
167 196
167 197
167 198
167 200
167 201
167 205
167 208
167 214
167 215
167 220
167 222
167 226
167 231
167 237
167 243
167 248
167 254
167 259
167 260
167 263
167 270
167 273
167 288
167 292
167 299
167 301
168 175
168 184
168 189
168 193
168 196
168 197
168 199
168 214
168 219
168 225
168 231
168 234
168 237
168 243
168 247
168 250
168 251
168 256
168 264
168 270
168 271
168 273
168 288
168 295
168 297
168 298
168 304
168 309
168 318
169 171
169 183
169 184
169 186
169 188
169 190
169 195
169 196
169 197
169 199
169 200
169 204
169 211
169 215
169 217
169 230
169 238
169 249
169 256
169 259
169 267
169 270
169 271
169 277
169 287
169 289
169 292
169 293
169 296
169 297
169 309
169 315
169 317
169 318
170 171
170 172
170 173
170 174
170 181
170 183
170 184
170 185
170 188
170 195
170 199
170 201
170 202
170 203
170 208
170 209
170 213
170 217
170 224
170 227
170 233
170 237
170 241
170 243
170 245
170 246
170 250
170 252
170 253
170 256
170 259
170 260
170 263
170 266
170 270
170 272
170 280
170 291
170 295
170 300
170 311
171 175
171 182
171 184
171 187
171 191
171 207
171 212
171 235
171 247
171 250
171 254
171 257
171 259
171 261
171 277
171 280
171 281
171 282
171 287
171 302
171 304
171 307
171 318
172 174
172 176
172 180
172 182
172 199
172 201
172 202
172 210
172 211
172 220
172 226
172 228
172 229
172 231
172 233
172 236
172 239
172 245
172 247
172 249
172 250
172 252
172 253
172 261
172 266
172 267
172 269
172 270
172 271
172 273
172 286
172 287
172 288
172 295
172 299
172 308
173 177
173 180
173 186
173 191
173 197
173 198
173 199
173 205
173 206
173 209
173 210
173 215
173 223
173 239
173 244
173 250
173 260
173 277
173 281
173 286
173 288
173 290
173 291
173 293
173 295
173 301
173 302
173 305
173 308
173 311
173 316
174 175
174 179
174 184
174 185
174 186
174 192
174 207
174 209
174 215
174 220
174 225
174 230
174 253
174 257
174 274
174 275
174 278
174 279
174 287
174 292
174 295
174 297
174 302
174 306
174 307
174 309
174 313
174 314
175 178
175 183
175 184
175 185
175 186
175 187
175 190
175 191
175 200
175 202
175 205
175 211
175 221
175 231
175 237
175 252
175 262
175 263
175 266
175 272
175 274
175 275
175 281
175 288
175 291
175 294
175 295
175 300
175 315
175 319
176 178
176 182
176 186
176 187
176 192
176 193
176 197
176 203
176 206
176 211
176 215
176 226
176 255
176 259
176 272
176 281
176 283
176 284
176 295
176 297
176 299
176 303
176 304
176 316
176 317
177 187
177 189
177 206
177 208
177 209
177 211
177 214
177 221
177 228
177 234
177 241
177 247
177 254
177 263
177 265
177 270
177 275
177 279
177 286
177 294
177 299
177 307
177 314
178 180
178 182
178 183
178 184
178 187
178 198
178 210
178 211
178 221
178 224
178 225
178 227
178 229
178 232
178 240
178 244
178 251
178 255
178 263
178 275
178 277
178 280
178 285
178 286
178 289
178 296
178 298
178 303
178 305
178 307
178 308
178 311
178 314
179 181
179 183
179 186
179 187
179 188
179 193
179 195
179 214
179 218
179 223
179 229
179 230
179 233
179 236
179 239
179 242
179 244
179 249
179 253
179 254
179 262
179 264
179 269
179 291
179 295
179 306
179 308
179 312
179 318
180 194
180 197
180 200
180 204
180 215
180 217
180 223
180 224
180 228
180 229
180 235
180 237
180 240
180 253
180 264
180 265
180 266
180 274
180 275
180 287
180 291
180 306
180 309
180 310
180 311
181 183
181 202
181 205
181 208
181 209
181 224
181 228
181 229
181 231
181 234
181 236
181 238
181 239
181 241
181 245
181 248
181 254
181 256
181 274
181 279
181 283
181 284
181 288
181 290
181 296
181 298
181 299
181 301
181 302
182 184
182 192
182 208
182 209
182 225
182 230
182 231
182 232
182 233
182 234
182 238
182 249
182 251
182 252
182 254
182 257
182 258
182 262
182 263
182 284
182 285
182 290
182 301
182 302
182 303
182 304
182 311
183 184
183 185
183 186
183 192
183 193
183 195
183 196
183 203
183 209
183 222
183 226
183 229
183 234
183 236
183 246
183 247
183 253
183 261
183 262
183 269
183 270
183 282
183 285
183 309
184 215
184 219
184 221
184 222
184 228
184 230
184 237
184 240
184 241
184 243
184 246
184 252
184 267
184 269
184 271
184 276
184 278
184 298
184 299
184 303
184 313
184 314
184 315
184 319
185 188
185 196
185 204
185 208
185 227
185 231
185 232
185 243
185 261
185 268
185 274
185 275
185 282
185 285
185 288
185 297
185 299
185 313
186 210
186 215
186 216
186 218
186 223
186 227
186 229
186 231
186 232
186 237
186 239
186 240
186 245
186 249
186 254
186 259
186 261
186 262
186 275
186 281
186 291
186 292
186 312
186 317
187 189
187 191
187 200
187 206
187 208
187 211
187 227
187 229
187 231
187 237
187 245
187 255
187 266
187 279
187 283
187 284
187 288
187 299
187 303
187 306
187 309
187 310
187 312
187 313
187 318
188 192
188 193
188 194
188 197
188 206
188 208
188 209
188 211
188 213
188 218
188 225
188 230
188 232
188 233
188 235
188 246
188 252
188 253
188 255
188 258
188 267
188 275
188 279
188 286
188 288
188 293
188 299
188 302
188 306
188 309
189 191
189 196
189 199
189 200
189 204
189 210
189 217
189 230
189 238
189 239
189 241
189 245
189 263
189 264
189 274
189 282
189 284
189 296
189 307
189 308
189 317
190 200
190 208
190 216
190 221
190 223
190 225
190 226
190 231
190 232
190 233
190 236
190 241
190 244
190 245
190 249
190 254
190 256
190 269
190 273
190 281
190 283
190 286
190 291
190 293
190 310
190 315
190 317
191 200
191 207
191 208
191 211
191 212
191 213
191 218
191 219
191 221
191 226
191 227
191 232
191 242
191 251
191 254
191 261
191 264
191 268
191 270
191 272
191 291
191 292
191 293
191 301
191 302
191 308
191 312
192 194
192 204
192 208
192 209
192 212
192 223
192 230
192 233
192 242
192 256
192 267
192 269
192 271
192 283
192 289
192 290
192 291
192 292
192 297
192 299
192 305
193 199
193 200
193 204
193 207
193 209
193 217
193 220
193 226
193 227
193 228
193 240
193 241
193 243
193 244
193 245
193 246
193 247
193 248
193 257
193 267
193 269
193 271
193 273
193 276
193 280
193 282
193 284
193 285
193 286
193 288
193 301
193 303
193 312
193 314
194 195
194 200
194 202
194 203
194 205
194 206
194 210
194 213
194 215
194 217
194 220
194 236
194 242
194 243
194 247
194 251
194 256
194 260
194 263
194 273
194 284
194 285
194 291
194 296
194 300
194 302
194 313
194 315
194 318
194 319
195 196
195 200
195 202
195 203
195 206
195 210
195 215
195 219
195 228
195 230
195 231
195 232
195 233
195 237
195 239
195 244
195 250
195 253
195 259
195 269
195 270
195 274
195 275
195 281
195 284
195 285
195 293
195 294
195 299
195 304
195 308
195 309
195 312
195 317
195 318
196 202
196 213
196 227
196 231
196 247
196 257
196 264
196 268
196 274
196 281
196 283
196 290
196 299
196 305
196 313
196 315
197 205
197 206
197 211
197 214
197 219
197 228
197 241
197 242
197 244
197 251
197 253
197 254
197 261
197 265
197 267
197 270
197 274
197 277
197 278
197 282
197 283
197 286
197 302
197 317
198 201
198 203
198 205
198 206
198 210
198 212
198 233
198 240
198 242
198 246
198 257
198 262
198 264
198 269
198 270
198 285
198 290
198 293
198 295
198 298
198 299
198 301
198 305
198 314
198 318
199 213
199 217
199 220
199 225
199 229
199 232
199 237
199 241
199 247
199 252
199 255
199 256
199 260
199 264
199 270
199 274
199 279
199 286
199 288
199 292
199 298
199 302
199 306
199 307
199 308
199 311
199 314
200 203
200 206
200 211
200 219
200 232
200 234
200 239
200 243
200 247
200 249
200 254
200 255
200 262
200 265
200 270
200 271
200 274
200 276
200 283
200 287
200 290
200 295
200 300
200 304
200 308
200 309
200 315
201 205
201 206
201 214
201 217
201 221
201 229
201 242
201 246
201 247
201 250
201 253
201 256
201 272
201 278
201 286
201 295
201 296
201 297
201 304
201 306
201 311
201 312
201 314
202 210
202 221
202 224
202 233
202 240
202 241
202 242
202 248
202 250
202 258
202 261
202 262
202 263
202 271
202 275
202 276
202 289
202 292
202 295
202 297
202 302
202 305
202 307
202 308
202 312
202 313
203 209
203 210
203 216
203 217
203 224
203 225
203 228
203 233
203 234
203 244
203 245
203 246
203 262
203 268
203 270
203 274
203 284
203 287
203 296
203 304
203 309
203 312
203 313
203 317
203 319
204 209
204 215
204 219
204 224
204 227
204 228
204 234
204 236
204 255
204 256
204 262
204 270
204 273
204 282
204 286
204 287
204 295
204 303
204 307
204 309
204 317
204 318
205 212
205 216
205 220
205 223
205 226
205 233
205 237
205 239
205 250
205 258
205 261
205 266
205 269
205 282
205 293
205 297
205 301
205 303
205 304
205 305
205 308
205 309
206 209
206 210
206 211
206 215
206 218
206 221
206 229
206 232
206 237
206 245
206 255
206 258
206 259
206 265
206 287
206 288
206 300
206 303
206 304
207 214
207 219
207 220
207 224
207 226
207 227
207 230
207 245
207 255
207 257
207 259
207 265
207 268
207 273
207 274
207 280
207 282
207 284
207 288
207 291
207 293
207 301
207 304
207 316
207 318
208 211
208 215
208 217
208 218
208 222
208 225
208 226
208 228
208 229
208 232
208 243
208 252
208 262
208 268
208 269
208 270
208 271
208 272
208 276
208 277
208 288
208 289
208 290
208 298
208 305
208 311
208 312
208 317
209 211
209 217
209 218
209 219
209 223
209 224
209 231
209 236
209 239
209 242
209 249
209 250
209 258
209 264
209 270
209 272
209 278
209 281
209 283
209 287
209 291
209 293
209 297
209 298
209 299
209 301
209 302
209 303
209 317
210 212
210 228
210 229
210 230
210 239
210 241
210 248
210 249
210 251
210 253
210 254
210 257
210 264
210 269
210 271
210 273
210 275
210 281
210 294
210 299
210 318
211 212
211 214
211 215
211 216
211 217
211 220
211 222
211 224
211 228
211 230
211 236
211 241
211 245
211 246
211 248
211 249
211 253
211 256
211 257
211 258
211 262
211 270
211 274
211 284
211 289
211 290
211 294
211 300
211 304
211 308
211 312
211 314
211 318
212 219
212 220
212 231
212 237
212 245
212 255
212 264
212 266
212 268
212 277
212 281
212 285
212 286
212 290
212 293
212 294
212 298
212 301
212 309
212 310
212 313
212 314
212 319
213 214
213 218
213 233
213 234
213 235
213 236
213 240
213 244
213 257
213 259
213 277
213 295
213 298
213 302
213 303
213 305
213 308
213 315
213 319
214 228
214 229
214 236
214 237
214 238
214 248
214 258
214 259
214 270
214 280
214 286
214 287
214 302
214 304
214 305
214 314
214 315
214 318
215 219
215 223
215 231
215 237
215 241
215 242
215 253
215 256
215 257
215 263
215 272
215 279
215 293
215 294
215 300
215 302
215 304
215 309
215 312
215 313
215 319
216 217
216 226
216 230
216 246
216 253
216 257
216 273
216 276
216 286
216 293
216 295
216 297
216 304
216 310
216 313
217 223
217 233
217 236
217 247
217 253
217 254
217 263
217 265
217 267
217 269
217 275
217 279
217 280
217 289
217 290
217 303
217 307
217 310
217 314
218 226
218 231
218 234
218 244
218 261
218 262
218 269
218 270
218 274
218 278
218 280
218 281
218 282
218 285
218 286
218 289
218 290
218 292
218 308
218 309
218 310
218 313
218 317
219 230
219 233
219 234
219 237
219 240
219 245
219 254
219 256
219 259
219 262
219 272
219 276
219 282
219 287
219 288
219 289
219 290
219 293
219 300
219 301
219 302
219 310
219 311
219 315
219 317
220 227
220 238
220 239
220 240
220 252
220 275
220 280
220 288
220 291
220 293
220 298
220 305
220 306
220 311
220 312
220 316
221 225
221 237
221 240
221 255
221 259
221 260
221 266
221 269
221 270
221 272
221 276
221 277
221 278
221 285
221 296
221 298
221 300
221 314
221 319
222 224
222 228
222 233
222 238
222 239
222 240
222 252
222 256
222 263
222 273
222 276
222 292
222 295
222 296
222 302
222 307
222 312
223 225
223 229
223 233
223 234
223 242
223 245
223 252
223 265
223 272
223 276
223 278
223 281
223 284
223 286
223 289
223 293
223 301
223 303
223 308
223 310
224 226
224 227
224 232
224 248
224 257
224 259
224 266
224 268
224 280
224 288
224 296
224 303
224 305
224 307
224 315
224 319
225 230
225 235
225 237
225 242
225 259
225 260
225 263
225 267
225 269
225 270
225 282
225 287
225 293
225 297
225 300
225 302
225 305
225 315
226 227
226 229
226 233
226 235
226 236
226 238
226 239
226 240
226 242
226 250
226 252
226 266
226 273
226 280
226 281
226 284
226 286
226 290
226 291
226 292
226 296
226 298
226 303
226 309
226 316
226 317
226 318
226 319
227 231
227 233
227 236
227 243
227 251
227 268
227 269
227 273
227 278
227 280
227 282
227 284
227 287
227 290
227 301
227 309
227 315
228 229
228 243
228 248
228 249
228 251
228 254
228 272
228 277
228 293
228 295
228 297
228 301
228 308
228 311
228 312
228 314
229 232
229 237
229 238
229 239
229 242
229 245
229 254
229 262
229 281
229 286
229 287
229 288
229 295
229 312
229 314
230 232
230 245
230 249
230 267
230 269
230 275
230 276
230 289
230 292
230 299
230 314
230 317
231 240
231 241
231 245
231 249
231 250
231 265
231 266
231 269
231 271
231 274
231 277
231 278
231 283
231 284
231 286
231 299
231 304
231 305
231 306
231 309
231 315
231 316
231 318
232 233
232 237
232 238
232 239
232 241
232 242
232 244
232 249
232 257
232 260
232 262
232 263
232 264
232 269
232 281
232 294
232 298
232 300
232 302
232 304
232 306
232 309
233 243
233 247
233 265
233 270
233 277
233 278
233 279
233 285
233 303
233 305
233 306
233 313
234 235
234 237
234 242
234 252
234 253
234 259
234 261
234 266
234 267
234 271
234 275
234 277
234 282
234 293
234 294
234 297
234 300
234 306
234 310
234 315
235 236
235 238
235 242
235 247
235 251
235 259
235 261
235 269
235 271
235 273
235 274
235 283
235 284
235 290
235 292
235 297
235 299
235 303
235 307
235 314
235 318
235 319
236 238
236 241
236 261
236 265
236 267
236 269
236 283
236 288
236 293
236 294
236 298
236 317
236 318
237 242
237 251
237 257
237 262
237 265
237 280
237 283
237 299
237 316
238 240
238 242
238 247
238 250
238 254
238 270
238 279
238 280
238 281
238 285
238 286
238 296
238 300
238 302
238 305
238 310
238 314
238 319
239 240
239 242
239 243
239 251
239 253
239 271
239 272
239 279
239 280
239 283
239 284
239 288
239 294
239 297
239 301
239 313
240 243
240 256
240 259
240 263
240 265
240 271
240 273
240 284
240 294
240 296
240 310
240 318
240 319
241 244
241 250
241 254
241 255
241 265
241 266
241 268
241 277
241 279
241 285
241 288
241 289
241 290
241 297
241 309
241 313
241 314
241 315
242 243
242 259
242 267
242 268
242 274
242 275
242 276
242 278
242 285
242 286
242 297
242 306
242 310
242 312
242 313
243 245
243 247
243 249
243 261
243 262
243 265
243 267
243 270
243 275
243 276
243 279
243 283
243 284
243 290
243 292
243 303
243 309
243 317
244 249
244 251
244 255
244 261
244 265
244 266
244 270
244 273
244 274
244 276
244 281
244 282
244 284
244 287
244 300
244 309
244 313
244 316
244 319
245 252
245 256
245 264
245 277
245 285
245 288
245 296
245 302
245 309
245 310
246 251
246 252
246 260
246 261
246 262
246 264
246 276
246 281
246 288
246 291
246 294
246 297
246 305
246 312
246 314
246 317
247 248
247 251
247 256
247 258
247 260
247 265
247 266
247 278
247 284
247 293
247 295
247 300
247 311
248 253
248 256
248 260
248 270
248 274
248 283
248 303
248 305
248 311
248 313
249 255
249 258
249 259
249 270
249 272
249 277
249 278
249 284
249 293
249 297
249 300
249 301
249 311
250 259
250 263
250 268
250 273
250 280
250 282
250 286
250 291
250 292
250 293
250 297
250 300
250 304
250 306
250 308
250 311
250 312
250 315
250 318
251 254
251 260
251 263
251 264
251 270
251 286
251 288
251 289
251 295
251 296
251 298
251 301
251 305
251 314
251 316
252 253
252 255
252 275
252 276
252 282
252 283
252 295
252 301
252 309
253 255
253 265
253 274
253 281
253 282
253 289
253 298
253 300
253 305
253 314
253 318
254 255
254 259
254 264
254 273
254 276
254 281
254 282
254 283
254 285
254 288
254 292
254 294
254 297
254 303
254 308
254 313
254 314
254 318
255 265
255 269
255 273
255 283
255 286
255 287
255 292
255 304
255 312
256 263
256 268
256 273
256 276
256 277
256 280
256 281
256 285
256 286
256 291
256 292
256 300
256 308
256 310
256 311
256 312
256 315
256 318
257 263
257 265
257 266
257 267
257 273
257 274
257 277
257 282
257 284
257 285
257 288
257 296
257 298
257 301
257 304
257 312
257 313
257 315
258 259
258 290
258 292
258 293
258 295
258 299
258 301
258 307
258 317
258 318
259 262
259 265
259 266
259 267
259 268
259 277
259 280
259 281
259 282
259 290
259 301
259 307
259 311
259 314
259 316
259 318
260 266
260 267
260 273
260 286
260 291
260 299
260 301
260 306
260 316
261 262
261 271
261 272
261 273
261 274
261 275
261 276
261 277
261 287
261 290
261 299
261 311
261 316
261 318
262 274
262 277
262 281
262 288
262 292
262 293
262 298
262 306
262 307
262 309
263 268
263 273
263 275
263 279
263 282
263 285
263 303
263 319
264 278
264 279
264 281
264 292
264 303
264 310
264 311
264 317
265 268
265 278
265 282
265 283
265 286
265 295
265 303
265 307
265 308
265 311
265 314
265 315
266 268
266 272
266 279
266 285
266 290
266 291
266 295
266 300
266 305
267 273
267 275
267 285
267 290
267 297
267 306
267 308
267 317
268 271
268 280
268 283
268 287
268 288
268 290
268 301
269 282
269 286
269 288
269 296
269 298
269 301
269 311
269 316
269 319
270 280
270 281
270 285
270 287
270 294
270 298
270 299
270 304
270 307
270 314
270 319
271 272
271 273
271 281
271 287
271 298
271 299
271 300
271 306
271 310
272 277
272 282
272 292
272 296
272 307
272 312
273 274
273 275
273 279
273 281
273 283
273 286
273 287
273 288
273 289
273 293
273 297
273 298
273 299
273 303
273 306
273 308
273 309
273 311
273 312
273 317
274 279
274 281
274 285
274 287
274 290
274 291
274 294
274 295
274 300
274 301
274 302
274 306
274 310
274 312
274 313
274 316
274 319
275 282
275 291
275 299
275 310
275 318
275 319
276 279
276 281
276 285
276 292
276 293
276 294
276 295
276 297
276 306
276 308
276 310
276 313
276 318
277 280
277 283
277 290
277 295
277 305
277 310
277 313
278 284
278 285
278 286
278 291
278 317
278 318
279 280
279 284
279 292
279 301
279 302
279 304
279 306
279 311
280 292
280 294
281 289
281 290
281 292
281 311
281 319
282 283
282 284
282 287
282 301
282 304
282 315
282 316
283 290
283 295
283 296
283 300
283 303
283 309
283 311
284 285
284 289
284 292
284 297
284 305
284 306
284 307
285 288
285 290
285 295
285 296
285 302
285 303
285 305
285 308
285 313
285 317
285 319
286 305
286 313
286 316
287 288
287 289
287 310
287 316
288 293
288 298
288 317
289 291
289 292
289 296
289 307
289 308
289 312
289 317
290 297
290 299
290 305
290 311
290 313
290 315
291 295
291 305
291 319
292 294
292 295
292 299
292 310
292 311
292 312
293 294
293 296
293 297
293 304
293 311
293 316
293 317
294 295
294 298
294 303
294 308
294 309
295 307
295 313
296 298
296 303
296 305
296 310
296 314
296 319
297 301
297 303
297 315
297 318
298 301
298 306
298 308
298 312
298 313
298 317
299 302
299 303
299 304
299 306
299 307
299 309
300 301
300 310
300 318
300 319
301 305
301 316
301 319
302 303
302 308
302 310
302 311
302 315
302 317
303 305
303 308
303 315
304 305
304 315
305 307
305 311
305 314
305 315
305 317
305 319
306 310
306 315
307 309
307 312
308 312
309 313
310 315
310 316
310 317
311 312
311 316
313 314
313 318
315 318
317 318
