320 1845
0 22
0 28
0 38
0 51
0 102
0 108
0 114
0 120
0 122
0 130
0 164
0 187
0 228
0 245
0 264
0 286
0 294
0 308
0 309
1 22
1 78
1 79
1 177
1 210
1 241
1 273
1 295
1 296
1 302
1 315
2 25
2 34
2 48
2 142
2 198
2 210
2 230
2 231
2 295
3 21
3 36
3 124
3 178
3 215
3 227
3 239
3 273
3 276
3 284
3 307
4 25
4 41
4 59
4 101
4 120
4 148
4 186
4 202
4 223
4 224
4 255
4 289
5 14
5 33
5 110
5 118
5 155
5 202
5 220
5 224
5 244
5 282
6 32
6 90
6 161
6 209
6 219
6 247
6 271
6 284
6 308
7 29
7 31
7 70
7 94
7 115
7 120
7 122
7 147
7 160
7 164
7 193
7 200
7 211
7 272
8 17
8 53
8 78
8 94
8 130
8 165
8 207
8 247
8 270
8 274
8 308
8 319
9 13
9 58
9 59
9 99
9 139
9 141
9 146
9 187
9 275
9 294
10 96
10 108
10 134
10 140
10 164
10 175
10 176
10 201
10 206
10 263
10 299
11 81
11 218
11 237
11 246
12 17
12 32
12 33
12 48
12 61
12 81
12 107
12 113
12 154
12 155
12 239
12 252
12 306
12 308
13 31
13 36
13 74
13 93
13 102
13 113
13 117
13 118
13 161
13 174
13 186
13 193
13 219
13 268
13 271
13 276
14 15
14 52
14 58
14 85
14 102
14 124
14 149
14 150
14 154
14 160
14 161
14 166
14 224
14 225
14 230
14 238
14 267
14 317
15 47
15 66
15 78
15 88
15 89
15 100
15 144
15 158
15 182
15 192
15 250
15 279
16 22
16 29
16 81
16 121
16 138
16 145
16 156
16 165
16 169
16 185
16 227
16 243
16 280
17 20
17 41
17 64
17 71
17 81
17 94
17 107
17 141
17 205
17 209
17 212
17 227
17 264
17 283
17 301
18 39
18 87
18 109
18 149
18 176
18 218
18 219
18 266
18 317
19 65
19 67
19 132
19 158
19 165
19 264
19 293
19 304
19 306
19 312
20 26
20 104
20 106
20 198
20 230
20 245
20 255
20 315
21 41
21 67
21 159
21 193
21 208
21 231
21 232
21 253
21 258
21 272
21 300
22 46
22 53
22 113
22 240
22 274
22 299
22 306
22 308
23 70
23 206
23 213
23 238
23 280
24 25
24 39
24 83
24 91
24 116
24 121
24 161
24 260
24 286
25 26
25 49
25 79
25 128
25 152
25 179
25 183
25 204
25 218
25 224
25 260
25 274
25 285
25 314
26 75
26 103
26 111
26 212
26 252
26 258
27 102
27 135
27 172
27 218
27 221
27 288
27 317
28 30
28 58
28 59
28 60
28 86
28 119
28 127
28 152
28 197
28 199
28 234
28 240
28 251
28 268
29 98
29 123
29 135
29 158
29 176
29 199
29 209
29 249
29 263
29 294
30 70
30 91
30 134
30 210
30 223
30 233
30 279
30 281
30 285
30 290
30 295
31 39
31 60
31 65
31 73
31 79
31 92
31 151
31 153
31 215
31 232
31 234
31 289
32 143
32 203
32 207
32 225
32 252
32 273
32 316
33 34
33 67
33 71
33 91
33 161
33 177
33 198
33 221
33 246
33 259
34 35
34 68
34 77
34 148
34 191
34 237
34 261
34 282
34 309
34 314
35 52
35 121
35 127
35 132
35 159
35 167
35 285
35 290
35 306
35 308
36 58
36 65
36 74
36 150
36 159
36 197
36 198
36 209
36 285
36 290
36 293
37 163
37 170
37 180
37 225
37 233
37 237
37 278
37 281
37 298
38 54
38 55
38 63
38 95
38 110
38 127
38 183
38 195
38 198
38 200
38 215
38 258
38 272
38 274
38 275
38 277
38 319
39 62
39 91
39 96
39 98
39 205
39 220
39 245
39 251
39 262
39 289
39 296
39 305
40 126
40 199
40 209
40 262
40 270
40 286
40 308
41 43
41 119
41 130
41 156
41 171
41 217
41 231
41 234
42 63
42 140
42 165
42 171
42 180
42 181
42 197
42 236
43 57
43 70
43 76
43 83
43 90
43 108
43 129
43 132
43 135
43 141
43 180
43 195
43 234
44 52
44 147
44 200
44 238
44 302
44 310
45 77
45 123
45 201
45 223
45 234
45 263
45 293
46 77
46 99
46 103
46 174
46 200
46 221
46 265
46 269
46 270
46 287
46 295
46 317
46 318
47 86
47 92
47 134
47 135
47 136
47 154
47 175
47 232
47 239
47 245
47 290
47 293
47 304
47 305
48 97
48 98
48 112
48 147
48 162
48 189
48 202
48 252
48 263
48 267
48 275
49 127
49 135
49 139
49 144
49 192
49 201
49 202
49 265
49 280
49 298
49 305
49 308
50 59
50 127
50 230
50 235
50 244
50 255
50 271
50 278
51 76
51 88
51 152
51 161
51 183
51 221
51 263
51 268
51 305
52 69
52 82
52 133
52 158
52 172
52 218
52 249
52 261
52 266
52 285
52 294
53 55
53 83
53 133
53 138
53 182
53 206
53 219
53 253
53 258
53 306
54 83
54 99
54 165
54 166
54 183
54 233
54 239
54 242
54 249
54 284
54 292
55 60
55 63
55 96
55 107
55 143
55 153
55 160
55 212
55 250
55 257
55 280
55 316
56 75
56 154
56 159
56 211
56 235
56 264
57 131
57 167
57 183
57 188
57 203
57 211
57 237
57 260
57 305
58 75
58 94
58 96
58 115
58 152
58 157
58 160
58 162
58 207
58 226
58 244
58 286
58 304
58 307
59 71
59 77
59 116
59 132
59 177
59 190
59 196
59 199
59 214
59 251
60 139
60 169
60 174
60 176
60 202
60 213
60 215
60 247
60 264
60 278
60 285
60 305
61 74
61 96
61 129
61 144
61 157
61 166
61 193
61 216
61 229
61 231
61 279
61 286
61 292
62 85
62 93
62 145
62 157
62 203
62 238
62 243
62 251
63 68
63 71
63 166
63 177
63 185
63 221
63 224
63 233
63 242
63 263
63 275
64 117
64 118
64 133
64 137
64 171
64 172
64 187
64 220
64 244
65 82
65 167
65 172
65 304
66 121
66 175
66 243
66 251
66 255
66 258
66 278
66 305
67 99
67 136
67 248
67 287
68 91
68 140
68 177
68 206
68 221
68 231
68 299
68 314
69 184
69 191
69 215
69 248
70 84
70 93
70 128
70 147
70 187
70 196
70 202
70 227
70 277
70 289
70 298
70 305
71 81
71 143
71 193
71 196
71 197
71 223
71 226
71 232
71 266
72 119
72 121
72 197
72 211
72 242
72 244
72 297
73 82
73 107
73 114
73 121
73 125
73 317
74 110
74 112
74 115
74 151
74 218
74 223
74 242
74 270
74 275
75 150
75 168
75 186
75 188
75 219
75 263
75 319
76 112
76 119
76 124
76 151
76 183
76 190
76 205
76 214
76 278
77 107
77 134
77 168
77 177
77 209
77 230
77 255
78 94
78 95
78 128
78 139
78 167
78 173
78 193
78 197
78 209
78 228
78 255
79 114
79 120
79 194
80 142
80 155
80 187
80 204
80 247
81 86
81 87
81 127
81 174
81 242
81 266
81 295
82 115
82 132
82 154
82 177
82 241
82 270
82 276
82 291
82 314
83 125
83 140
83 173
83 206
83 210
83 218
83 290
83 299
83 311
83 319
84 94
84 118
84 125
84 126
84 129
84 134
84 158
84 178
84 215
84 245
84 249
84 294
84 298
84 314
84 316
85 170
85 179
85 216
85 225
85 285
85 291
86 88
86 166
86 186
86 199
86 241
86 244
86 274
86 275
87 137
87 145
87 147
87 157
87 158
87 196
87 214
87 246
87 300
87 312
88 124
88 144
88 173
88 177
88 202
88 233
88 238
88 255
88 259
88 299
88 301
88 307
88 317
89 128
89 134
89 147
89 175
89 179
89 228
89 257
89 286
89 314
90 116
90 206
90 303
90 309
91 131
91 139
91 151
91 178
91 199
91 220
91 236
92 116
92 120
92 130
92 152
92 154
92 161
92 162
92 193
92 222
93 104
93 109
93 125
93 155
93 158
93 163
93 173
93 201
93 215
93 243
93 302
94 143
94 147
94 149
94 203
94 206
94 212
94 234
94 237
94 268
94 276
94 292
94 299
94 314
95 112
95 117
95 145
95 175
95 234
95 316
96 115
96 186
96 246
96 260
96 271
96 279
96 285
96 308
96 310
97 133
97 135
97 179
97 216
97 259
97 268
97 277
97 295
97 300
97 316
98 104
98 183
98 250
99 105
99 117
99 181
99 193
99 210
99 311
100 135
100 146
100 198
100 206
100 221
100 237
100 238
100 246
100 251
100 260
101 119
101 127
101 156
101 187
101 304
102 113
102 119
102 132
102 154
102 172
102 179
102 182
102 224
102 257
102 264
102 296
102 318
103 132
103 165
103 177
103 216
103 316
104 174
104 213
104 232
104 271
104 310
105 106
105 126
105 151
105 256
105 265
105 281
105 309
105 317
106 119
106 121
106 174
106 194
106 249
106 258
106 274
106 311
107 149
107 164
107 182
107 224
107 225
107 228
107 229
107 239
107 251
107 261
107 319
108 144
108 174
108 213
108 230
108 232
108 260
108 280
109 116
109 127
109 170
109 224
109 303
110 217
110 268
110 281
110 295
110 301
110 302
111 175
111 228
111 261
111 267
111 283
112 138
112 153
112 174
112 285
112 297
112 311
113 152
113 166
113 194
113 195
113 236
113 242
113 305
114 120
114 140
114 147
114 152
114 171
114 252
114 265
114 285
115 129
115 185
115 194
115 306
116 216
116 231
116 236
116 276
116 295
116 306
117 120
117 123
117 175
117 198
117 261
117 269
117 276
117 296
117 317
118 161
118 174
118 204
118 209
118 296
118 297
119 131
119 137
119 144
119 179
119 202
119 264
119 278
119 302
119 305
119 317
120 122
120 162
120 174
120 179
120 261
120 262
120 309
120 312
120 318
121 234
121 240
121 245
121 253
121 276
121 282
121 284
121 302
122 136
122 165
122 199
122 206
122 247
122 260
122 290
123 151
123 161
123 205
123 270
124 222
125 135
125 150
125 162
125 170
125 186
125 189
125 195
125 215
125 265
125 298
125 310
126 170
126 172
126 177
126 217
126 221
126 224
126 231
126 247
126 264
127 129
127 160
127 190
127 208
127 212
127 273
127 293
127 316
128 143
128 147
128 155
128 233
128 246
128 253
129 138
129 153
129 208
129 315
130 176
130 178
130 182
130 188
130 193
130 198
130 204
130 319
131 140
131 143
131 150
131 160
131 219
131 314
132 154
132 166
132 226
132 243
132 255
133 212
133 233
133 275
133 284
133 315
134 150
134 154
134 160
135 139
135 149
135 203
135 205
135 244
135 253
135 254
135 267
135 273
135 310
136 182
136 198
136 212
136 263
136 274
136 288
137 190
137 199
137 236
137 239
137 241
138 153
138 155
138 164
138 204
138 228
138 311
138 313
139 148
139 181
139 197
139 219
139 223
139 248
139 277
139 295
140 218
140 231
140 262
140 292
141 210
141 211
141 248
141 250
141 278
142 144
142 158
142 167
142 204
142 232
142 260
142 287
142 294
143 152
143 198
143 230
143 264
143 266
144 203
144 234
144 239
144 252
144 254
144 310
145 174
145 213
145 218
145 233
145 251
145 262
145 291
145 301
146 203
146 204
146 205
146 234
146 236
146 243
146 285
146 287
147 162
147 172
147 213
147 291
147 308
147 318
148 200
148 206
148 302
148 303
148 315
149 226
149 239
149 249
149 273
149 302
149 317
150 199
150 211
150 225
150 239
150 283
150 314
151 161
151 168
151 237
151 253
151 270
151 295
151 307
151 312
152 170
152 198
152 256
152 267
152 274
153 196
153 199
153 204
153 240
153 246
153 261
153 274
153 300
153 303
153 313
154 167
154 190
154 195
154 213
154 221
154 226
154 240
154 247
154 275
155 237
155 249
155 258
155 276
155 291
156 176
156 178
156 181
156 186
156 250
156 259
156 261
157 229
157 232
157 251
157 292
157 309
157 316
157 318
158 217
158 244
158 247
158 255
158 260
158 289
158 314
159 160
159 170
159 182
159 208
159 228
159 269
159 282
160 196
160 284
161 184
161 203
161 214
161 255
161 300
162 163
162 164
162 186
162 200
162 276
163 166
163 242
164 183
164 237
164 239
164 259
164 279
164 301
164 309
165 169
165 184
165 195
165 218
165 235
165 286
165 288
165 296
166 170
166 213
166 221
166 240
166 258
166 317
167 175
167 176
167 239
167 266
167 272
167 278
167 284
167 288
168 172
168 225
168 232
168 235
168 285
168 291
168 298
168 310
169 183
169 196
169 272
169 294
169 303
169 307
169 316
170 187
170 246
170 309
171 208
171 232
171 242
171 246
171 247
171 266
171 317
172 174
172 197
172 226
172 316
173 188
173 190
173 217
173 242
173 252
173 304
174 187
174 200
174 219
174 235
174 262
174 263
174 300
174 309
175 189
175 192
175 197
175 204
175 208
175 256
175 315
176 219
176 259
176 268
176 272
176 277
176 279
176 283
177 205
178 212
178 292
178 316
179 200
179 223
179 268
179 290
179 292
179 310
179 314
180 208
180 216
180 274
180 286
180 300
180 313
181 206
181 218
181 223
181 235
181 284
182 198
182 204
182 246
182 248
182 271
182 299
183 192
183 193
183 246
183 278
183 281
183 290
184 258
184 269
184 285
184 296
184 297
185 211
185 257
185 275
186 227
186 233
186 249
186 251
186 293
187 197
187 281
188 195
188 206
188 238
188 266
188 280
188 292
188 298
188 305
189 215
189 217
189 263
189 300
190 221
190 243
190 250
190 254
190 261
191 213
191 220
191 285
191 288
191 305
192 200
192 221
193 195
193 210
193 231
193 237
193 260
194 207
194 244
194 262
194 279
195 211
195 239
195 279
195 280
196 242
196 255
196 289
197 204
197 205
197 235
197 250
197 256
197 279
197 282
197 287
197 293
197 307
198 254
198 272
199 207
199 231
199 247
199 290
199 313
200 253
200 282
200 307
201 204
201 212
201 239
201 307
202 213
202 241
202 295
203 224
203 225
203 243
203 305
204 295
204 297
205 233
206 265
207 208
207 253
207 277
207 303
207 313
208 209
208 262
208 266
209 222
209 238
209 280
210 215
210 222
210 244
211 228
211 284
211 313
212 224
212 228
213 271
213 282
214 236
214 238
214 257
214 285
214 292
215 226
215 243
215 246
215 252
215 267
215 303
215 304
216 220
216 232
216 290
217 279
217 285
218 224
218 266
218 274
219 233
219 240
219 304
219 307
219 318
220 264
220 282
220 289
221 228
221 229
221 303
221 306
221 313
222 224
222 237
222 282
222 291
222 297
222 300
223 239
223 243
224 243
224 261
224 299
224 309
225 232
225 239
225 291
226 262
226 268
226 277
227 233
227 240
227 274
228 283
228 302
228 307
229 236
229 237
229 245
229 251
229 264
229 267
229 283
229 289
230 267
230 278
230 300
230 316
231 243
231 250
231 292
231 304
232 279
233 238
234 244
234 257
234 295
234 302
235 241
235 254
235 301
235 316
237 239
237 264
237 295
237 300
237 316
238 242
238 290
238 305
239 265
239 276
239 288
239 294
239 301
240 259
240 266
240 305
241 277
241 280
241 285
241 294
242 261
242 267
242 315
243 255
243 259
243 262
243 282
243 302
243 312
244 263
244 278
244 282
244 288
244 309
245 258
245 301
245 304
246 250
246 268
246 269
246 270
246 281
246 284
246 285
246 307
247 250
247 267
247 302
247 304
248 273
248 280
248 298
248 303
249 250
249 265
249 296
250 261
250 266
250 283
250 316
250 319
252 268
252 270
252 280
252 284
253 271
253 283
253 300
254 257
254 319
255 262
255 289
255 316
256 257
256 270
256 317
258 264
258 271
258 305
258 315
259 287
259 294
259 307
260 278
261 276
261 303
262 292
263 276
264 293
264 300
264 302
266 269
266 280
266 297
268 284
268 309
269 296
270 274
270 280
270 310
272 300
273 285
273 300
273 301
274 309
274 313
274 319
275 288
275 293
276 291
276 298
276 299
277 306
277 316
278 304
278 310
278 317
280 283
280 304
280 311
282 286
284 312
288 309
288 313
289 291
289 292
292 313
293 302
293 312
294 298
295 312
296 302
296 310
297 301
298 313
299 317
300 312
300 319
301 315
302 306
303 317
309 312
