320 1845
0 47
0 51
0 73
0 117
0 170
0 176
0 183
0 187
0 249
0 279
0 281
1 42
1 51
1 111
1 128
1 149
1 158
1 256
1 259
1 288
2 82
2 105
2 135
2 157
2 162
2 196
2 216
2 242
2 260
3 25
3 33
3 78
3 109
3 123
3 141
3 270
3 285
3 298
4 27
4 31
4 63
4 66
4 154
4 186
4 188
4 215
4 222
4 239
4 265
4 270
4 286
4 291
4 302
5 24
5 34
5 47
5 53
5 77
5 128
5 154
5 167
5 175
5 178
5 182
5 186
5 205
5 243
5 258
5 268
5 311
6 48
6 61
6 78
6 178
6 237
6 241
6 307
7 62
7 70
7 79
7 105
7 113
7 178
7 194
7 204
7 205
7 213
7 225
7 237
7 239
8 33
8 63
8 75
8 76
8 89
8 121
8 136
8 173
8 175
8 185
8 250
8 252
8 303
8 312
9 19
9 24
9 25
9 46
9 79
9 105
9 149
9 243
10 42
10 64
10 80
10 95
10 158
10 201
10 208
10 226
10 244
10 277
11 21
11 34
11 45
11 72
11 73
11 102
11 110
11 148
11 153
11 182
11 191
11 213
11 233
11 258
11 270
11 272
12 22
12 34
12 112
12 140
12 166
12 231
12 234
12 269
12 281
12 303
13 39
13 51
13 58
13 62
13 69
13 80
13 177
13 178
13 187
13 194
13 200
14 24
14 25
14 49
14 62
14 70
14 74
14 107
14 130
14 176
14 184
14 191
14 251
14 255
14 280
14 285
15 38
15 83
15 101
15 166
15 223
15 255
15 256
15 270
15 293
16 80
16 100
16 121
16 131
16 149
16 176
16 185
16 201
16 262
16 284
16 310
17 48
17 51
17 81
17 119
17 121
17 122
17 204
17 207
17 213
17 252
17 263
17 287
17 290
18 41
18 45
18 143
18 181
18 183
18 187
18 301
19 22
19 54
19 83
19 121
19 142
19 169
19 196
19 216
19 227
19 275
19 314
19 317
20 41
20 63
20 203
20 227
20 284
20 287
20 315
21 50
21 71
21 111
21 112
21 133
21 149
21 190
21 195
21 217
21 250
21 294
22 51
22 112
22 123
22 245
22 273
22 289
22 292
23 85
23 102
23 127
23 131
23 139
23 175
23 180
23 186
23 191
23 199
23 231
23 250
23 307
23 308
23 313
24 40
24 61
24 90
24 111
24 113
24 122
24 199
24 212
24 277
25 44
25 45
25 52
25 58
25 105
25 113
25 122
25 131
25 133
25 139
25 181
25 182
25 196
25 297
25 300
25 306
25 307
25 319
26 45
26 69
26 109
26 129
26 143
26 181
26 190
26 205
26 298
26 315
27 68
27 150
27 245
27 305
27 314
27 316
28 34
28 51
28 109
28 115
28 121
28 125
28 200
28 206
28 224
28 229
28 270
28 271
28 290
28 292
28 306
28 314
29 66
29 112
29 182
29 184
29 197
29 209
29 237
29 241
29 256
29 259
29 261
29 263
29 269
29 283
29 290
29 302
30 38
30 73
30 87
30 97
30 117
30 143
30 148
30 197
30 285
30 298
30 306
31 122
31 162
31 185
31 282
31 290
31 299
31 318
32 45
32 49
32 98
32 123
32 205
32 239
32 248
32 284
32 308
32 309
33 61
33 83
33 127
33 212
33 217
33 220
33 224
33 273
33 277
33 295
33 306
34 42
34 87
34 92
34 259
34 271
35 52
35 81
35 94
35 102
35 112
35 134
35 148
35 197
35 236
35 257
35 281
36 62
36 95
36 121
36 176
36 177
36 203
36 290
36 293
36 294
37 58
37 79
37 107
37 235
37 252
37 259
37 290
37 319
38 50
38 76
38 102
38 113
38 166
38 242
38 258
38 306
39 53
39 89
39 107
39 140
39 142
39 170
39 192
39 200
39 257
39 279
40 85
40 87
40 134
40 150
40 179
40 180
40 305
41 50
41 142
41 249
41 272
41 297
42 53
42 68
42 97
42 128
42 158
42 180
42 209
42 224
42 315
43 81
43 100
43 112
43 201
43 221
43 295
43 310
43 312
44 68
44 84
44 86
44 89
44 91
44 109
44 140
44 141
44 169
44 227
44 236
44 276
44 284
45 48
45 52
45 107
45 125
45 131
45 171
45 184
45 217
45 238
45 245
45 284
46 68
46 71
46 79
46 129
46 136
46 163
46 178
46 187
46 197
46 221
46 250
46 263
46 270
46 317
47 143
47 164
47 171
47 186
47 295
48 131
48 154
48 181
48 183
48 195
48 202
48 250
48 251
48 258
49 56
49 99
49 114
49 119
49 144
49 161
49 169
49 174
49 226
49 253
49 306
50 64
50 74
50 75
50 90
50 98
50 112
50 131
50 134
50 148
50 180
50 226
50 239
50 243
50 271
50 283
50 289
50 308
51 60
51 105
51 110
51 125
51 134
51 148
51 193
51 258
51 265
51 284
51 307
51 311
51 319
52 76
52 83
52 87
52 172
52 186
52 225
52 258
53 79
53 129
53 156
53 170
53 172
53 175
53 210
53 250
53 277
53 291
53 310
54 74
54 95
54 154
54 168
54 174
54 183
54 191
54 244
54 284
54 303
54 308
55 73
55 117
55 179
55 195
55 223
55 232
55 280
56 68
56 71
56 96
56 109
56 196
56 205
56 247
56 268
56 283
56 293
57 159
57 252
57 255
57 258
58 67
58 75
58 83
58 96
58 126
58 177
58 199
58 203
58 220
58 231
58 310
59 94
59 114
59 127
59 134
59 200
59 240
60 76
60 87
60 88
60 92
60 150
60 162
60 166
60 189
60 227
60 247
60 266
60 293
60 315
61 76
61 87
61 94
61 96
61 97
61 105
61 123
61 155
61 193
61 196
61 269
61 273
61 279
61 292
62 66
62 107
62 116
62 126
62 161
62 184
62 219
62 222
62 258
63 86
63 121
63 130
63 136
63 195
63 236
63 246
63 249
63 266
63 269
63 280
64 71
64 124
64 157
64 205
64 209
64 237
64 238
64 308
65 82
65 85
65 108
65 114
65 171
65 186
65 259
65 282
65 307
65 310
66 83
66 90
66 104
66 120
66 155
66 166
66 196
66 204
66 244
66 251
66 255
66 274
67 83
67 102
67 114
67 187
67 190
67 200
67 220
67 222
67 253
67 302
67 308
68 80
68 86
68 106
68 122
68 207
68 213
68 255
68 281
69 133
69 154
69 173
69 183
69 184
69 217
69 238
69 315
70 72
70 74
70 109
70 154
70 159
70 163
70 165
70 189
70 203
70 223
70 247
70 279
71 91
71 176
71 220
71 247
71 256
71 307
72 75
72 127
72 148
72 159
72 179
72 209
72 220
72 232
72 262
73 147
73 149
73 213
73 241
73 256
74 107
74 137
74 153
74 181
74 202
74 296
74 317
75 187
75 318
76 93
76 129
76 130
76 177
76 190
76 197
76 204
76 229
76 235
76 238
76 242
76 254
76 257
76 300
76 308
77 86
77 106
77 108
77 116
77 119
77 145
77 181
77 183
77 233
77 253
77 259
77 265
77 277
77 286
77 301
77 304
77 315
77 317
78 84
78 117
78 136
78 138
78 149
78 166
78 187
78 224
78 242
78 268
78 271
78 286
79 84
79 121
79 142
79 157
79 199
79 247
79 257
79 281
79 318
80 95
80 103
80 104
80 146
80 183
80 236
80 249
80 250
81 82
81 98
81 103
81 132
81 235
81 262
81 278
81 282
81 319
82 123
82 128
82 157
82 233
82 248
82 317
82 318
83 103
83 110
83 188
83 189
83 211
83 214
83 227
83 260
84 85
84 104
84 120
84 148
84 168
84 192
84 241
84 245
84 290
84 315
85 125
85 173
85 255
85 299
86 92
86 95
86 115
86 155
86 196
86 214
86 217
86 239
86 240
86 261
86 263
86 290
87 97
87 99
87 221
87 291
87 300
88 139
88 146
88 183
88 199
88 206
88 248
88 261
88 282
88 304
89 92
89 189
89 218
89 229
89 259
89 284
89 287
89 299
89 312
90 99
90 104
90 167
90 196
90 255
90 316
91 93
91 119
91 122
91 158
91 162
91 182
91 186
91 199
92 96
92 136
92 157
92 241
92 254
92 288
92 300
93 100
93 113
93 138
93 228
93 287
93 306
94 137
94 145
94 160
94 170
94 238
94 254
95 97
95 102
95 172
95 187
95 193
95 253
95 313
96 103
96 142
96 176
96 215
96 217
96 264
96 292
96 295
96 299
96 301
96 316
97 107
97 172
97 191
97 197
97 223
97 284
97 309
97 310
98 110
98 115
98 141
98 148
98 169
98 173
98 207
98 222
98 240
98 256
98 259
98 271
98 272
98 282
98 287
99 150
99 205
99 299
100 104
100 112
100 157
100 206
100 207
100 226
100 238
100 286
100 296
101 118
101 144
101 170
101 172
101 216
101 268
101 277
101 279
101 285
101 304
102 115
102 121
102 124
102 126
102 130
102 149
102 156
102 161
102 164
102 185
102 243
102 279
102 283
103 120
103 128
103 134
103 159
103 169
103 173
103 202
103 206
103 216
103 221
103 235
103 249
103 269
103 287
103 312
103 318
104 128
104 135
104 167
104 280
105 175
105 196
105 262
105 298
105 307
106 146
106 172
106 187
106 205
106 214
106 223
106 244
106 318
107 163
107 190
107 220
107 280
107 300
108 144
108 147
108 181
108 212
108 221
108 228
108 251
108 276
108 294
109 119
109 142
109 152
109 217
109 257
109 260
109 261
110 119
110 141
110 166
110 195
110 207
110 218
110 229
110 266
110 271
110 272
110 289
110 295
110 298
110 309
111 149
111 158
111 223
111 262
111 313
112 165
112 196
112 248
112 260
112 290
113 118
113 127
113 137
113 139
113 150
113 155
113 158
113 214
113 222
113 228
113 259
113 280
113 305
114 198
114 272
114 314
115 164
115 193
115 226
115 238
115 245
115 250
115 263
115 296
116 149
116 162
116 226
116 235
116 248
116 251
116 275
116 290
116 306
117 142
117 160
117 162
117 197
117 229
117 306
118 123
118 213
118 250
118 259
118 260
118 274
119 164
119 170
119 171
119 172
119 177
119 205
119 208
119 215
119 221
119 239
119 272
119 315
120 156
120 167
120 168
120 192
120 207
120 264
120 272
120 291
120 293
120 299
120 304
121 123
121 165
121 188
121 197
121 200
121 207
121 238
121 272
122 123
122 144
122 166
122 175
122 176
122 186
122 192
122 196
122 232
122 266
122 269
122 308
122 311
122 315
123 195
123 235
123 236
123 287
123 301
124 155
124 224
124 260
125 191
125 192
125 238
125 278
126 139
126 146
126 149
126 161
126 186
126 210
126 239
126 295
126 299
127 154
127 160
127 249
127 279
128 146
128 172
128 187
128 221
128 264
128 287
128 296
128 309
128 316
129 234
129 306
129 317
129 319
130 142
130 154
130 180
130 206
130 211
130 225
130 246
131 159
131 205
131 209
131 210
131 233
131 244
131 251
131 304
131 310
132 136
132 171
132 176
132 185
132 218
132 227
132 296
133 136
133 154
133 180
133 183
133 290
133 305
134 225
134 230
134 243
134 269
134 276
135 144
135 163
135 233
135 237
135 285
135 307
136 142
136 149
136 155
136 161
136 177
136 187
136 257
136 313
137 198
137 211
137 241
137 291
137 295
138 145
138 162
138 200
138 244
138 246
138 258
138 311
138 312
139 175
139 201
140 159
140 168
140 181
140 236
140 268
140 280
140 302
141 149
141 234
141 245
141 293
141 304
142 145
142 149
142 152
142 213
142 230
142 301
143 144
143 145
143 155
143 182
143 187
143 226
143 233
143 236
143 258
143 267
143 279
143 291
143 295
144 213
144 221
144 312
145 192
145 206
145 240
145 258
145 277
145 302
145 306
146 151
146 169
146 189
146 199
146 205
146 241
146 260
146 271
146 315
147 202
147 282
147 284
148 221
148 280
148 310
148 317
149 210
149 219
149 273
149 274
149 276
150 199
150 204
150 221
150 244
150 247
151 181
151 205
151 211
151 229
151 258
151 286
151 291
152 196
152 217
152 229
152 238
152 284
153 163
153 184
153 226
153 249
153 253
153 270
154 169
154 195
154 271
155 160
155 233
155 234
155 272
155 290
155 311
155 318
156 179
156 183
156 187
156 228
156 231
156 241
156 317
157 183
157 194
157 201
157 221
157 222
157 226
157 228
157 297
158 195
158 213
158 238
158 259
158 261
158 280
158 284
158 285
158 286
158 293
158 314
159 176
159 200
159 201
159 266
159 273
159 301
159 313
160 284
160 307
160 310
161 179
161 187
161 238
161 252
161 253
161 315
162 199
162 237
162 243
162 280
162 287
162 297
163 176
163 188
163 304
163 307
163 312
164 170
164 186
164 215
164 219
164 262
165 192
165 198
165 203
165 207
165 228
165 267
165 271
165 276
165 279
165 306
166 189
166 208
166 226
166 239
166 241
166 282
167 171
167 220
167 280
167 305
168 228
168 234
168 266
168 286
168 301
168 306
168 319
169 189
169 306
170 184
170 221
170 261
170 273
170 275
170 278
170 312
171 194
171 206
171 247
171 251
171 270
172 186
172 194
172 271
172 313
172 316
172 317
172 319
173 184
173 248
173 260
174 187
174 255
174 272
174 295
175 178
175 187
175 254
175 283
175 299
176 219
176 261
176 298
176 318
177 237
177 246
177 273
177 278
177 284
177 296
177 312
177 316
178 193
178 260
178 300
178 305
178 308
179 185
179 194
179 200
179 205
179 232
179 257
179 281
179 284
179 292
179 304
180 202
180 235
181 220
181 282
182 225
182 240
182 291
182 308
182 313
183 205
183 268
183 306
184 251
184 255
184 279
184 305
184 310
185 189
185 191
185 192
185 211
185 230
185 243
185 250
185 259
185 275
185 299
186 197
186 243
186 254
186 308
187 218
187 260
187 311
188 200
189 252
189 264
189 270
189 280
189 312
190 206
190 216
190 217
190 221
190 261
190 288
190 317
191 205
191 235
191 242
191 276
191 280
191 291
191 294
191 301
192 287
192 290
192 296
192 318
193 198
193 200
193 212
193 237
193 266
194 202
194 216
194 240
194 256
195 230
196 206
196 296
196 311
197 207
197 222
197 280
197 297
198 251
198 263
198 273
198 276
198 280
198 304
198 306
199 309
200 224
200 231
200 265
201 257
201 263
201 310
202 205
202 270
202 283
203 212
203 243
203 252
203 289
203 299
203 305
203 319
204 244
204 273
204 296
205 313
205 317
206 209
206 211
206 251
206 279
206 301
206 302
207 239
207 306
208 247
208 281
209 213
209 287
210 212
210 221
211 221
211 266
212 269
212 270
213 243
213 246
213 278
213 300
214 239
214 254
214 272
214 314
215 226
215 251
215 291
216 244
216 249
216 257
216 267
216 299
216 302
217 227
217 229
217 254
217 300
217 308
218 246
218 282
219 236
219 238
219 257
219 280
220 250
220 268
221 227
221 266
221 283
221 293
222 226
222 258
222 268
223 232
223 259
223 286
224 266
225 246
225 251
225 252
225 276
225 311
226 232
226 305
227 247
227 282
227 290
227 307
228 254
228 270
228 298
229 249
229 297
229 319
230 254
230 299
230 307
230 308
232 236
232 250
232 251
232 261
232 266
232 275
232 296
232 311
232 313
233 234
233 243
233 252
233 269
233 280
233 307
234 243
234 265
234 295
234 314
235 247
235 287
235 291
236 240
236 317
237 266
238 252
238 273
238 304
239 279
239 303
239 317
240 250
240 254
240 263
240 277
240 312
241 287
241 295
243 266
243 286
243 300
244 245
244 253
244 257
246 247
246 275
246 280
248 260
248 279
248 305
249 256
249 268
249 306
250 292
251 256
251 277
251 281
252 257
252 296
252 297
252 317
253 309
253 312
254 317
255 278
255 296
255 302
255 310
256 269
256 296
256 300
257 278
257 300
257 304
258 294
259 272
259 312
259 318
260 286
260 289
260 314
260 318
261 284
262 288
263 311
265 286
265 288
265 290
265 293
265 297
265 300
266 267
266 282
266 296
266 304
266 305
267 300
267 310
268 300
269 274
270 301
271 287
271 296
271 297
272 296
272 302
273 279
273 293
274 283
274 302
275 284
275 316
276 291
276 297
277 284
278 280
279 286
279 300
283 284
285 286
285 298
285 299
286 288
287 309
288 306
289 302
289 308
290 291
291 315
292 310
294 297
295 303
295 315
297 298
300 310
303 306
304 313
305 308
310 314
311 312
311 313
312 313
