320 1845
0 18
0 37
0 50
0 62
0 64
0 107
0 117
0 119
0 150
0 161
0 165
0 172
0 173
0 184
0 237
0 241
0 260
0 281
0 315
1 13
1 18
1 25
1 34
1 54
1 96
1 151
1 158
1 162
1 168
1 183
1 186
1 193
1 197
1 258
2 18
2 44
2 57
2 68
2 157
2 270
3 61
3 66
3 98
3 104
3 138
3 149
3 219
3 228
3 256
3 269
4 48
4 78
4 87
4 89
4 99
4 150
4 176
4 202
4 206
4 304
4 317
5 43
5 58
5 84
5 89
5 97
5 229
5 230
5 263
5 286
5 309
6 9
6 16
6 18
6 59
6 86
6 104
6 161
6 251
6 277
6 286
6 289
7 55
7 56
7 62
7 70
7 229
7 251
7 279
7 303
7 312
7 315
8 16
8 87
8 99
8 108
8 119
8 123
8 141
8 176
8 210
8 236
8 259
8 281
8 286
8 299
8 312
9 60
9 66
9 74
9 89
9 94
9 104
9 155
9 221
9 225
9 272
9 304
10 69
10 94
10 108
10 118
10 182
11 19
11 46
11 96
11 169
11 173
11 182
11 194
11 211
11 249
11 285
12 22
12 39
12 40
12 47
12 59
12 75
12 128
12 145
12 152
12 210
12 218
12 240
12 258
12 283
12 284
12 308
13 25
13 65
13 74
13 104
13 114
13 198
13 224
13 228
13 237
13 255
13 272
13 319
14 19
14 73
14 181
14 190
14 201
14 265
14 297
14 300
14 319
15 23
15 54
15 60
15 115
15 147
15 222
15 262
15 289
15 301
15 305
15 306
15 311
16 28
16 88
16 117
16 130
16 131
16 229
16 254
16 264
16 268
17 41
17 79
17 175
17 192
17 221
17 227
17 240
17 257
18 39
18 63
18 72
18 108
18 109
18 125
18 159
18 175
18 177
18 186
18 216
18 222
18 225
18 232
18 272
18 274
19 38
19 52
19 54
19 71
19 81
19 85
19 136
19 138
19 201
19 202
19 248
19 274
20 44
20 52
20 54
20 63
20 71
20 123
20 139
20 159
20 165
20 180
20 199
20 260
20 262
20 289
21 30
21 86
21 108
21 109
21 116
21 156
21 187
21 216
21 256
21 266
21 271
22 115
22 145
22 192
22 201
22 202
22 211
22 247
22 276
22 297
23 29
23 30
23 102
23 125
23 141
23 275
23 276
23 282
23 285
23 305
23 319
24 60
24 95
24 132
24 135
24 139
24 181
24 183
24 258
24 264
24 308
25 34
25 58
25 60
25 162
25 165
25 199
25 200
25 291
26 30
26 46
26 53
26 56
26 66
26 186
26 207
26 209
26 211
26 217
26 227
26 238
26 241
26 261
26 281
27 45
27 83
27 112
27 121
27 149
27 151
27 169
27 213
27 242
27 254
27 313
28 39
28 96
28 108
28 154
28 200
28 249
28 263
28 299
29 53
29 69
29 86
29 89
29 111
29 122
29 133
29 144
29 175
29 215
29 226
29 240
29 241
29 245
30 75
30 106
30 153
30 181
30 193
30 200
30 243
30 276
30 303
30 312
31 34
31 43
31 57
31 94
31 155
31 162
31 178
31 179
31 238
31 272
31 284
31 313
32 49
32 57
32 73
32 102
32 161
32 167
32 185
32 197
32 217
32 228
32 231
32 250
32 296
32 312
33 51
33 54
33 64
33 100
33 116
33 157
33 172
33 176
33 178
33 246
33 291
33 314
34 87
34 110
34 139
34 180
34 195
34 253
34 317
35 50
35 67
35 123
35 171
35 227
35 251
35 262
35 301
36 57
36 80
36 167
36 175
36 187
36 228
36 232
36 267
36 270
36 281
36 298
37 85
37 103
37 138
37 140
37 161
37 172
37 200
37 221
37 279
37 283
38 179
38 190
38 196
38 216
38 252
38 260
38 275
39 88
39 101
39 129
39 137
39 177
39 214
39 236
39 264
40 42
40 48
40 92
40 151
40 160
40 161
40 174
40 186
40 194
40 217
40 220
40 224
40 230
40 235
40 288
41 98
41 107
41 108
41 123
41 153
41 187
41 193
42 69
42 108
42 134
42 139
42 150
42 176
42 232
42 270
43 47
43 74
43 110
43 117
43 147
43 246
43 278
43 307
44 46
44 83
44 98
44 146
44 150
44 195
44 201
44 247
44 309
44 314
45 49
45 81
45 97
45 113
45 193
45 218
45 227
45 288
46 68
46 78
46 155
46 166
46 168
46 184
46 210
46 267
47 107
47 115
47 127
47 128
47 167
47 235
47 237
47 257
47 305
48 72
48 146
48 175
48 221
48 222
48 254
48 297
49 61
49 72
49 93
49 95
49 118
49 124
49 153
49 166
49 205
49 223
49 226
49 283
50 60
50 111
50 156
50 193
50 249
50 310
51 67
51 107
51 118
51 162
51 173
51 181
51 190
51 206
51 218
51 235
51 262
51 279
51 317
52 55
52 58
52 133
52 162
52 173
52 250
52 265
52 296
52 300
52 310
53 57
53 64
53 104
53 110
53 112
53 183
53 206
53 226
53 259
53 260
53 281
53 295
54 80
54 105
54 116
54 135
54 193
54 218
54 238
54 271
55 56
55 75
55 160
55 161
55 187
55 213
55 302
55 315
55 317
56 77
56 90
56 135
56 163
56 185
56 204
56 219
57 120
57 130
57 134
57 197
57 204
57 266
57 275
57 284
57 302
57 314
57 316
58 64
58 65
58 67
58 84
58 90
58 131
58 133
58 143
58 152
58 155
58 171
58 189
59 66
59 90
59 139
59 156
59 172
59 299
60 65
60 122
60 189
60 190
60 227
60 230
60 235
60 257
60 267
60 308
61 63
61 64
61 79
61 97
61 104
61 124
61 126
61 132
61 156
61 218
61 274
62 183
62 200
62 201
62 202
62 238
62 247
62 270
62 272
62 288
63 77
63 94
63 116
63 128
63 173
63 186
63 189
63 200
63 238
63 282
63 287
63 315
63 318
64 65
64 67
64 83
64 189
64 201
64 223
64 284
65 79
65 121
65 141
65 173
65 233
65 279
65 300
65 303
65 309
66 181
66 225
66 258
66 280
67 89
67 106
67 120
67 140
67 171
67 188
67 205
67 248
67 252
67 262
67 268
67 309
67 316
67 318
68 70
68 158
68 184
68 214
68 219
68 231
68 233
68 298
68 302
69 108
69 110
69 122
69 124
69 131
69 231
69 239
69 242
69 259
69 269
69 306
70 133
70 134
70 199
70 218
70 238
70 269
70 281
70 290
71 118
71 134
71 148
71 151
71 212
71 221
71 231
71 273
72 105
72 140
72 224
72 225
72 229
72 263
72 273
72 282
72 295
72 317
72 319
73 79
73 123
73 217
73 277
73 287
73 296
74 77
74 94
74 127
74 128
74 149
74 187
74 195
74 210
74 265
74 278
74 297
75 106
75 144
75 200
75 206
75 208
75 223
75 240
75 242
75 252
75 285
75 297
76 104
76 113
76 126
76 170
76 194
76 233
76 244
76 288
76 309
76 312
76 319
77 89
77 108
77 187
77 190
77 231
77 234
77 273
78 108
78 129
78 138
78 154
78 202
78 211
78 301
78 307
79 112
79 195
79 210
79 242
79 247
79 249
79 269
80 85
80 116
80 148
80 187
80 229
80 288
80 312
81 96
81 133
81 158
81 169
81 175
81 193
81 226
81 280
81 312
82 84
82 191
82 208
82 275
82 298
82 306
83 98
83 132
83 133
83 149
83 153
83 161
83 229
83 236
83 240
83 277
83 280
84 102
84 136
84 183
84 250
84 255
84 296
85 109
85 160
85 207
85 221
85 229
85 281
85 286
86 147
86 219
86 230
86 251
86 265
86 271
86 283
87 88
87 117
87 156
87 160
87 167
87 171
87 232
87 260
87 272
87 280
87 310
88 163
88 233
89 106
89 176
89 232
89 241
89 254
89 283
89 294
90 93
90 130
90 135
90 139
90 182
90 198
90 289
91 98
91 103
91 118
91 132
91 157
91 182
91 190
91 275
92 96
92 165
92 172
92 182
92 202
92 219
92 231
92 239
92 241
92 247
92 248
93 97
93 118
93 146
93 173
93 187
93 189
93 220
93 264
93 274
94 125
94 149
94 150
94 157
94 196
94 199
94 245
94 280
94 294
94 310
94 312
95 126
95 155
95 181
95 196
95 210
95 217
95 234
95 249
95 254
95 263
95 267
95 300
95 312
96 120
96 225
96 227
96 247
97 110
97 113
97 171
97 187
97 227
97 249
97 259
98 118
98 147
98 169
98 173
98 182
98 210
98 227
98 247
98 313
99 111
99 116
99 137
99 138
99 143
99 184
99 210
99 214
99 215
99 235
99 259
99 282
99 288
99 300
100 193
100 228
100 259
100 265
100 306
101 102
101 130
101 236
101 247
101 250
101 291
101 309
102 107
102 116
102 175
102 217
102 240
102 265
102 283
102 318
103 129
103 255
103 286
103 287
104 116
104 136
104 141
104 169
104 171
104 174
104 201
104 229
104 253
104 289
105 141
105 163
105 184
105 191
105 198
105 203
105 244
105 262
105 268
105 319
106 116
106 228
106 238
106 269
106 293
106 312
107 121
107 129
107 132
107 161
107 169
107 231
107 246
107 247
107 307
108 127
108 172
108 202
108 239
108 254
108 269
108 289
109 181
109 207
109 232
109 246
109 313
109 314
110 112
110 123
110 140
110 179
110 202
110 207
110 219
110 281
110 287
110 302
111 126
111 141
111 148
111 169
112 114
112 115
112 123
112 136
112 165
112 181
112 258
112 280
113 145
113 187
113 198
113 199
113 221
113 224
113 227
113 230
113 233
113 245
113 253
113 260
113 277
113 316
114 153
114 231
114 273
114 277
114 312
115 129
115 194
115 196
115 197
115 225
115 254
115 262
115 267
115 274
115 300
115 301
115 303
116 122
116 172
116 251
116 270
116 281
117 118
117 133
117 140
117 194
117 199
117 221
117 224
117 235
117 246
117 304
118 164
118 174
118 188
118 247
118 254
118 272
118 302
119 123
119 204
119 209
119 217
119 221
119 242
119 276
119 288
119 299
120 173
120 179
120 188
120 194
120 260
120 263
121 223
121 224
121 302
122 130
122 145
122 154
122 192
122 200
122 251
122 257
122 291
123 157
123 186
123 253
123 318
124 161
124 219
124 250
124 260
124 273
125 201
125 211
125 222
125 284
125 289
125 297
126 177
126 195
126 252
126 254
126 260
126 283
126 287
126 302
127 138
127 166
127 170
127 242
128 154
128 168
128 173
128 192
128 201
128 214
128 244
129 141
129 178
129 261
129 284
130 163
130 206
130 207
130 249
130 285
131 152
131 159
131 184
131 205
131 249
131 255
131 264
131 271
131 279
131 280
131 301
131 316
132 154
132 213
132 236
132 308
132 313
133 149
133 167
133 179
133 237
133 241
133 291
133 292
133 295
133 299
133 316
134 141
134 167
134 173
134 181
134 187
134 257
134 265
134 277
134 313
135 190
135 209
135 230
135 276
135 281
135 284
135 296
135 300
136 172
136 181
136 291
136 298
137 149
137 204
138 142
138 158
138 197
138 242
139 172
139 289
139 301
140 146
140 187
140 209
140 249
140 258
140 279
140 288
140 306
141 186
141 232
141 267
141 291
142 171
142 173
142 190
142 193
142 196
142 197
142 248
142 291
143 166
143 242
143 284
144 177
144 189
144 228
144 229
144 234
144 247
144 297
144 314
145 150
145 166
145 173
145 177
145 178
145 186
145 208
145 229
145 234
145 243
145 249
145 251
145 268
146 188
146 220
146 255
146 258
146 290
146 298
146 314
147 152
147 206
147 213
147 217
147 244
147 265
147 307
147 316
148 257
148 263
148 285
148 305
149 172
149 178
149 182
149 228
149 310
150 151
150 191
150 195
150 200
150 205
150 212
150 230
150 301
151 163
151 164
151 185
151 221
151 289
151 291
151 294
151 309
152 156
152 187
152 242
152 244
152 247
152 253
152 255
152 273
153 198
153 207
153 271
153 282
154 165
154 190
154 208
154 215
154 265
154 285
155 157
155 172
155 245
155 256
155 273
156 163
156 193
156 195
156 215
156 217
156 224
156 230
156 242
156 247
156 261
156 266
156 308
157 158
157 186
157 249
157 261
157 276
157 295
157 300
158 215
158 241
158 257
158 279
158 294
159 175
159 270
159 278
159 282
159 297
159 315
160 164
160 166
160 198
160 224
160 245
160 289
161 269
161 273
162 169
162 176
162 193
162 198
162 231
162 234
162 263
162 275
163 164
163 253
163 277
164 186
164 196
164 300
164 315
164 316
165 246
165 279
166 184
166 192
166 242
166 298
167 178
167 183
167 206
167 207
168 183
168 205
168 222
168 266
168 299
169 195
169 210
169 252
169 262
169 299
169 316
170 227
170 248
171 201
171 207
171 215
171 242
171 278
171 289
171 290
172 178
172 270
172 276
172 283
172 319
173 192
173 195
173 216
173 225
173 258
173 295
173 318
174 225
174 268
174 294
175 204
175 249
175 266
175 287
175 288
175 290
175 294
175 299
175 304
175 316
176 177
176 178
176 180
176 183
176 236
176 273
177 182
177 191
177 235
177 272
177 306
178 189
178 222
179 181
179 193
179 230
179 244
179 278
179 284
179 313
179 316
180 196
180 222
180 238
180 283
180 315
180 316
181 224
181 318
182 192
182 193
182 196
182 260
182 280
183 202
183 205
183 210
183 229
183 313
184 194
184 215
184 217
184 225
184 250
184 254
184 269
184 275
184 284
185 199
185 222
185 240
185 302
186 231
186 236
186 273
186 285
187 221
188 313
189 244
189 249
190 223
190 255
190 267
190 277
190 289
190 303
191 198
191 224
191 230
191 241
191 265
191 288
193 246
193 270
194 198
194 253
194 287
195 225
195 227
195 289
195 299
195 308
196 200
196 205
196 211
196 258
196 264
196 274
196 281
196 295
196 307
197 210
197 269
198 222
198 238
198 270
199 211
199 216
199 240
199 242
199 268
199 272
199 275
199 286
199 294
199 298
199 312
200 257
200 270
200 292
201 211
201 231
201 244
201 259
201 293
201 299
201 312
201 319
202 210
202 236
202 245
202 257
202 270
202 292
202 297
203 296
203 316
204 207
204 222
204 279
205 211
205 220
205 226
205 272
206 245
206 278
206 317
207 250
207 268
208 253
208 277
209 211
209 213
209 227
209 248
209 284
210 213
210 229
210 232
210 249
210 274
210 279
210 281
211 212
211 279
212 224
212 236
212 240
212 268
212 275
212 283
212 316
213 231
214 237
214 300
215 219
215 222
215 257
215 285
215 308
216 258
216 267
217 252
217 315
218 270
219 238
219 247
219 260
219 266
219 300
220 272
220 275
220 315
221 245
221 248
221 254
222 273
222 281
222 306
222 318
223 232
223 253
223 254
223 273
223 300
223 315
224 244
224 246
224 259
224 268
224 285
224 290
224 312
225 231
225 277
225 282
225 283
225 300
226 295
226 303
227 282
227 284
228 235
230 232
231 242
231 250
231 276
231 288
231 301
231 303
231 307
232 236
232 239
232 247
232 280
232 298
232 303
232 311
232 316
233 305
233 308
234 273
234 292
234 309
235 287
235 315
236 260
236 261
236 272
236 314
237 252
237 280
237 314
238 251
238 256
238 273
239 274
239 283
240 246
241 255
241 266
242 260
242 303
242 305
242 312
242 319
243 250
243 255
243 259
243 306
244 248
244 268
244 296
244 313
246 267
246 268
246 282
246 307
246 314
247 277
247 285
247 312
248 274
248 283
248 287
248 292
248 301
250 264
251 255
252 259
252 264
252 297
252 299
253 260
253 262
253 274
253 282
253 289
253 292
253 301
254 258
254 270
254 288
255 276
255 308
256 259
256 267
256 285
257 310
258 259
258 267
258 274
258 297
259 267
260 267
260 272
260 281
260 291
261 296
261 308
261 309
262 282
262 294
263 315
264 288
265 267
265 300
265 307
266 280
266 285
266 311
267 303
267 304
268 291
268 302
269 280
269 308
269 309
269 312
271 275
271 307
272 304
272 319
273 318
274 282
274 302
274 317
275 283
275 295
275 299
275 301
276 279
277 282
277 291
277 300
277 314
278 280
279 315
281 282
281 290
282 297
282 314
283 301
283 310
283 317
285 291
285 318
286 300
287 290
288 290
288 293
288 295
288 313
289 303
290 312
291 301
291 303
291 306
292 313
292 316
294 298
294 302
295 309
300 306
300 312
301 312
306 307
308 316
309 311
309 316
309 317
313 314
