320 1845
0 23
0 65
0 108
0 116
0 163
0 187
0 218
0 256
0 283
0 293
0 311
1 41
1 60
1 92
1 105
1 123
1 166
1 188
1 193
1 256
1 301
1 304
1 306
2 21
2 39
2 45
2 83
2 89
2 90
2 94
2 107
2 114
2 159
2 229
2 261
2 277
3 17
3 34
3 112
3 177
3 198
3 217
3 237
3 270
4 6
4 14
4 16
4 30
4 41
4 159
4 231
4 237
4 247
4 252
4 306
4 310
5 16
5 37
5 66
5 94
5 117
5 139
5 147
5 170
5 186
5 189
5 209
5 215
5 224
5 233
5 235
5 253
5 287
6 26
6 56
6 64
6 95
6 133
6 182
6 198
6 211
6 293
6 307
7 16
7 62
7 67
7 76
7 101
7 152
7 153
7 218
7 305
7 316
8 15
8 26
8 27
8 103
8 108
8 123
8 131
8 134
8 147
8 173
8 178
8 179
8 181
8 206
8 238
8 244
8 294
8 302
8 310
9 16
9 38
9 80
9 91
9 117
9 124
9 151
9 196
9 222
9 243
9 256
10 21
10 32
10 75
10 101
10 119
10 193
10 205
10 210
10 216
10 217
10 226
10 237
10 239
10 257
10 258
10 262
10 291
10 295
11 33
11 84
11 105
11 136
11 150
11 158
11 168
11 178
11 192
11 203
11 211
11 318
12 42
12 57
12 60
12 71
12 73
12 105
12 123
12 130
12 138
12 224
12 225
12 227
12 252
12 278
12 287
13 49
13 61
13 77
13 140
13 159
13 162
13 165
13 200
13 203
13 257
13 277
13 313
14 56
14 76
14 96
14 114
14 128
14 136
14 151
14 174
14 188
14 219
14 257
14 313
15 180
15 228
15 234
15 247
15 288
15 315
15 319
16 18
16 37
16 42
16 71
16 142
16 184
16 258
16 268
16 283
16 300
17 116
17 166
17 185
17 191
17 201
17 207
17 213
17 232
17 276
17 289
18 19
18 29
18 75
18 82
18 209
18 225
18 233
18 249
18 264
18 289
18 308
18 310
19 167
19 169
19 223
19 225
19 237
19 253
19 269
19 274
19 295
19 296
20 24
20 55
20 58
20 89
20 92
20 156
20 175
20 189
20 192
20 210
20 255
20 261
20 279
20 313
21 37
21 51
21 62
21 124
21 192
21 255
22 53
22 111
22 114
22 123
22 165
22 169
22 183
22 195
22 214
22 219
22 253
22 302
22 304
22 312
22 314
23 34
23 60
23 102
23 139
23 201
23 264
23 269
23 317
24 26
24 52
24 72
24 75
24 98
24 117
24 143
24 144
24 172
24 236
24 241
24 287
25 30
25 85
25 99
25 107
25 162
25 163
25 169
25 183
25 199
25 217
25 228
25 235
25 260
25 306
26 45
26 53
26 81
26 99
26 101
26 110
26 189
26 223
26 278
26 308
26 310
27 31
27 72
27 77
27 83
27 105
27 132
27 134
27 139
27 157
27 166
27 187
27 233
27 265
27 311
28 58
28 87
28 95
28 126
28 183
28 216
28 315
28 318
29 59
29 63
29 194
29 223
29 235
29 272
29 308
30 53
30 102
30 215
30 235
30 292
31 82
31 245
31 289
32 67
32 96
32 136
32 152
32 155
32 192
32 243
32 262
32 315
33 49
33 81
33 90
33 94
33 101
33 217
33 226
33 248
33 250
33 262
33 272
33 306
34 113
34 144
34 174
34 263
34 296
34 298
35 53
35 150
35 179
35 230
35 258
35 288
35 292
36 44
36 97
36 136
36 146
36 147
36 248
36 252
36 268
36 273
36 280
37 44
37 70
37 75
37 84
37 96
37 100
37 156
37 160
37 240
37 250
37 275
38 60
38 73
38 129
38 170
38 176
38 187
38 214
38 236
38 301
39 95
39 113
39 126
39 134
39 148
39 150
39 163
39 210
39 254
39 306
40 65
40 100
40 119
40 125
40 203
40 207
40 272
41 53
41 62
41 71
41 108
41 134
41 167
41 240
41 255
41 258
41 274
41 311
41 313
42 53
42 83
42 95
42 129
42 133
42 158
42 167
42 236
43 89
43 106
43 107
43 133
43 191
43 265
43 272
44 72
44 85
44 94
44 114
44 144
44 204
44 214
44 218
44 274
44 283
44 295
44 305
45 121
45 129
45 169
45 170
45 235
45 251
45 264
45 267
45 272
45 278
46 71
46 143
46 157
46 207
46 281
47 73
47 92
47 106
47 187
47 211
47 212
47 254
47 257
47 290
48 95
48 117
48 189
48 210
48 226
49 67
49 68
49 96
49 105
49 142
49 165
49 199
49 215
49 258
49 262
50 63
50 65
50 90
50 129
50 192
50 223
50 245
50 248
50 251
50 274
50 300
50 304
51 89
51 105
51 131
51 224
51 249
51 254
51 283
51 285
51 291
52 64
52 65
52 73
52 81
52 123
52 125
52 173
52 214
52 235
52 276
52 279
52 280
53 77
53 79
53 84
53 138
53 169
53 179
53 181
53 233
53 255
53 256
53 288
53 318
54 67
54 87
54 91
54 94
54 103
54 135
54 174
54 179
54 240
54 312
55 83
55 90
55 179
55 209
55 229
55 234
55 237
55 263
55 283
55 300
55 310
56 59
56 61
56 103
56 150
56 161
56 172
56 178
56 241
56 246
57 87
57 99
57 110
57 125
57 246
57 262
57 309
57 310
58 80
58 121
58 124
58 135
58 203
58 230
58 252
58 265
58 290
58 308
58 316
59 111
59 146
59 160
59 215
59 224
59 231
59 272
59 290
60 61
60 73
60 96
60 100
60 116
60 129
60 160
60 172
60 247
60 258
61 100
61 101
61 129
61 130
61 131
61 172
61 189
61 270
61 277
61 299
61 315
62 84
62 103
62 131
62 167
62 171
62 181
62 242
62 264
62 265
62 277
63 69
63 80
63 100
63 106
63 130
63 156
63 162
63 244
63 305
64 208
64 211
64 272
64 280
64 297
64 308
64 311
65 79
65 83
65 120
65 159
65 197
65 226
65 240
65 314
65 315
66 87
66 97
66 126
66 129
66 130
66 138
66 176
66 190
66 225
66 285
66 302
66 317
66 318
67 172
67 228
67 285
67 301
67 307
68 70
68 93
68 100
68 178
68 278
69 100
69 102
69 175
69 227
69 256
69 286
69 288
70 79
70 112
70 150
70 174
70 202
70 209
70 248
70 262
70 274
70 296
70 313
70 314
70 316
71 90
71 108
71 146
71 191
71 226
71 256
71 267
71 297
71 307
71 311
72 87
72 119
72 137
72 172
72 260
72 283
72 304
72 315
73 101
73 120
73 164
73 189
73 195
73 216
73 219
73 242
73 260
73 267
73 271
73 279
74 135
74 167
74 241
74 248
74 255
74 276
74 277
74 282
74 296
74 316
75 83
75 86
75 91
75 130
75 158
75 243
75 246
75 263
75 269
75 302
76 148
76 153
76 200
76 228
76 242
76 245
76 252
76 274
76 292
76 301
77 101
77 112
77 130
77 169
77 204
77 213
77 218
77 222
77 248
77 260
77 314
78 111
78 159
78 180
78 215
78 247
78 253
78 293
78 314
79 85
79 104
79 119
79 147
79 183
79 207
79 267
79 280
80 101
80 122
80 130
80 134
80 172
80 179
80 182
80 210
80 232
80 239
80 301
80 318
81 98
81 99
81 105
81 107
81 146
81 160
81 278
81 285
82 106
82 112
82 117
82 132
82 134
82 173
82 207
82 223
82 289
83 102
83 180
83 213
83 228
83 233
83 257
83 276
84 105
84 110
84 111
84 164
84 208
84 243
84 257
84 266
84 293
85 127
85 176
85 200
85 218
85 236
85 249
85 286
85 302
85 312
86 97
86 162
86 170
86 239
86 259
86 294
86 313
87 105
87 106
87 115
87 131
87 155
87 161
87 169
87 178
87 208
87 247
87 250
87 287
87 291
87 300
88 156
88 177
88 200
88 208
88 211
88 265
89 209
89 238
89 281
89 285
89 312
90 99
90 223
91 118
91 128
91 129
91 132
91 233
91 249
91 304
91 319
92 136
92 176
92 228
92 257
92 261
93 105
93 128
93 133
93 142
93 144
93 159
93 210
93 224
93 281
94 150
94 167
94 177
94 211
94 213
94 285
94 303
94 309
95 127
95 138
95 173
95 222
95 227
95 291
95 317
96 130
96 138
96 146
96 151
96 212
96 217
96 255
96 277
96 311
97 115
97 178
97 308
98 181
98 203
98 217
98 312
99 176
99 215
99 222
99 231
99 233
99 240
99 257
99 263
99 319
100 156
100 195
100 204
100 268
100 270
100 301
101 276
101 317
102 113
102 115
102 136
102 231
102 255
102 262
102 295
102 308
103 160
103 192
103 281
103 289
103 292
104 112
104 130
104 163
104 195
104 211
104 223
104 233
104 275
104 292
104 314
105 147
105 170
105 219
105 220
105 240
105 248
105 261
105 292
105 302
105 305
106 187
106 212
106 220
106 252
106 259
106 286
106 292
107 154
107 197
107 198
107 202
107 220
107 237
107 263
107 273
108 117
108 133
108 136
108 179
108 207
108 220
108 225
108 231
108 241
108 275
108 285
108 300
109 219
109 299
109 308
110 143
110 174
110 178
110 183
110 192
110 224
110 257
110 261
110 285
110 290
111 127
111 152
111 158
111 179
111 205
111 217
111 238
111 265
111 305
112 159
112 191
112 204
112 263
112 299
113 129
113 149
113 173
113 292
114 121
114 177
114 189
114 267
114 281
114 302
114 312
115 116
115 132
115 151
115 159
115 173
115 175
115 194
115 284
115 290
115 297
115 303
115 311
116 150
116 155
116 190
116 205
116 233
116 240
116 248
116 270
116 282
117 172
117 179
117 186
117 197
117 219
117 222
117 242
118 179
118 200
118 229
118 246
118 256
118 267
118 304
119 149
119 195
119 229
119 239
119 266
119 280
120 137
120 138
120 154
120 162
120 163
120 183
120 190
120 194
120 226
120 232
120 254
120 287
120 303
120 313
121 144
121 151
121 152
121 158
121 172
121 174
121 187
121 224
121 240
121 291
121 296
121 297
121 301
122 139
122 164
122 185
122 253
122 272
123 133
123 135
123 154
123 155
123 247
123 254
123 271
123 305
123 307
124 261
124 291
124 316
125 167
125 172
125 207
125 212
125 245
125 250
125 288
126 129
126 150
126 207
126 211
126 222
126 237
126 238
126 258
126 268
126 302
126 310
127 128
127 148
127 152
127 154
127 165
127 181
127 211
127 253
127 273
127 305
128 145
128 202
128 205
128 207
128 217
128 219
128 256
128 275
128 305
129 206
129 212
129 231
129 257
129 296
130 149
130 188
130 208
130 253
130 255
130 262
130 317
131 147
131 213
131 225
131 249
131 257
131 298
131 317
131 318
132 134
132 152
132 165
132 191
132 194
132 203
132 210
132 290
132 304
133 185
133 211
133 236
133 238
133 243
133 248
133 306
134 164
134 167
134 215
134 242
134 271
134 276
134 292
135 157
135 166
135 198
135 204
135 208
135 217
135 246
135 268
135 300
135 316
136 168
136 185
136 203
136 224
136 227
136 246
137 142
137 144
137 157
137 163
137 207
137 218
137 223
137 261
138 161
138 179
138 248
138 288
138 317
139 184
139 247
139 303
139 311
139 314
139 316
139 319
140 195
140 212
140 215
140 218
140 226
140 273
140 280
140 311
140 315
141 153
141 156
141 157
141 290
141 308
142 147
142 236
142 302
143 145
143 149
143 157
143 190
143 216
143 228
143 232
143 248
144 170
144 188
144 189
144 205
144 209
144 214
144 242
144 257
144 297
145 187
145 203
145 204
145 218
145 245
145 251
145 284
145 310
145 314
146 159
146 169
146 185
146 229
147 149
147 171
147 173
147 177
147 244
147 254
147 257
147 307
148 152
148 162
148 229
148 231
148 264
148 302
149 174
149 175
149 195
149 219
149 232
149 258
149 294
150 197
150 203
150 254
150 287
150 306
150 308
151 160
151 220
151 284
152 181
152 188
152 213
152 224
152 225
152 265
152 282
153 167
153 168
153 169
153 227
153 236
153 271
153 283
153 286
154 161
154 164
154 208
154 279
155 175
155 198
155 238
155 244
155 264
156 234
156 248
156 266
156 287
157 161
157 186
157 207
157 313
158 161
158 198
158 228
158 250
158 260
158 282
159 191
159 250
159 280
159 300
159 318
160 175
160 202
160 207
160 241
160 255
160 286
160 288
161 222
161 235
161 255
161 303
162 182
162 202
162 227
162 233
162 248
162 252
162 268
163 169
163 174
163 220
163 231
163 301
164 232
164 253
164 298
164 304
164 308
165 193
165 220
165 246
165 271
166 179
166 220
166 240
166 242
166 249
166 259
167 205
167 219
167 233
167 236
167 247
167 274
167 290
167 304
168 204
168 210
168 211
168 234
168 249
168 256
168 314
168 317
169 200
169 226
169 260
169 267
169 278
169 292
170 262
170 289
170 308
171 202
171 233
171 284
171 288
171 291
171 302
171 309
172 184
172 263
172 270
172 288
173 248
173 280
173 316
174 182
174 191
174 208
174 256
174 262
174 266
174 296
174 303
175 188
175 207
175 253
175 265
175 284
175 285
175 292
175 299
175 303
176 177
176 199
176 204
176 271
176 286
176 301
176 312
177 224
177 225
177 232
177 241
177 266
177 273
177 286
177 311
178 271
178 287
178 310
179 202
179 206
179 221
179 240
179 316
180 239
180 266
180 277
180 319
181 183
181 236
181 319
182 273
182 302
182 309
182 315
183 215
183 223
183 256
184 210
184 276
184 277
184 293
184 298
184 301
184 313
185 198
185 202
185 203
185 269
185 274
186 210
186 316
187 194
187 202
187 204
187 206
187 269
187 275
187 286
187 295
187 298
187 304
188 199
188 213
188 219
188 277
188 297
189 202
189 207
189 273
189 279
189 281
189 294
190 216
190 235
190 298
190 311
191 224
191 234
191 280
192 216
192 221
192 224
192 236
192 246
193 233
193 236
193 245
193 247
194 207
194 241
194 250
194 267
194 291
195 200
195 246
195 279
195 292
196 217
196 229
196 241
196 267
196 269
196 281
197 198
197 259
197 280
197 292
198 268
198 292
199 223
199 235
199 239
199 242
199 250
199 267
199 290
199 293
199 306
199 307
199 308
200 203
200 270
200 309
200 313
201 217
202 208
202 250
202 255
202 281
202 292
202 312
203 268
203 274
203 286
203 316
204 229
204 280
204 287
205 218
205 220
205 247
205 254
205 263
206 242
206 275
207 215
207 234
207 241
207 249
207 257
207 267
207 282
208 255
208 287
209 211
209 212
209 213
209 252
209 282
209 285
209 315
210 274
211 237
211 256
211 272
211 292
211 295
211 299
211 310
211 314
212 215
212 247
212 251
212 266
212 297
212 308
213 249
213 258
213 270
213 271
213 282
213 288
214 256
214 287
214 291
214 304
214 309
215 259
215 263
215 272
215 284
215 288
215 294
215 316
217 242
217 243
217 287
217 310
217 314
218 230
218 317
219 249
219 253
219 259
219 318
220 272
220 292
220 308
220 319
221 244
221 257
221 301
222 232
222 249
222 290
222 307
223 266
223 289
223 298
223 302
223 318
224 292
224 307
225 237
225 245
225 253
225 254
225 255
225 296
225 305
226 229
226 274
226 298
227 274
227 294
227 295
227 303
228 230
228 269
228 287
228 316
229 269
229 286
229 304
230 278
230 283
230 297
230 318
231 266
231 295
232 291
232 294
232 295
232 310
233 260
234 266
234 280
234 313
235 254
235 298
236 249
236 278
236 291
236 295
237 247
237 255
237 266
238 284
238 297
238 314
239 269
239 307
240 242
240 248
240 265
240 279
241 243
241 296
242 286
243 252
243 263
243 273
243 315
245 285
247 252
247 269
247 270
247 271
247 276
248 279
249 256
249 280
249 287
249 293
249 298
249 299
250 265
250 284
250 300
250 306
251 304
252 278
253 287
253 288
253 306
254 255
254 297
254 298
256 298
256 304
257 282
257 302
257 318
258 276
259 266
259 281
259 311
260 277
260 291
260 294
262 265
262 315
263 314
264 267
264 270
264 276
264 311
264 312
265 275
268 281
271 274
271 281
271 315
272 275
272 281
272 293
272 295
273 291
273 319
274 278
274 287
274 313
276 304
277 293
278 291
278 304
278 307
278 311
282 306
285 293
287 297
287 310
288 307
288 311
290 296
290 306
290 316
291 304
291 307
291 312
292 315
292 319
295 318
301 319
302 311
303 312
303 317
308 310
309 318
