320 10208
0 1
0 10
0 16
0 17
0 18
0 24
0 31
0 33
0 36
0 39
0 43
0 45
0 59
0 65
0 75
0 76
0 79
0 80
0 83
0 89
0 101
0 102
0 103
0 108
0 113
0 115
0 116
0 125
0 128
0 135
0 144
0 145
0 146
0 147
0 148
0 152
0 156
0 157
0 161
0 168
0 169
0 182
0 203
0 207
0 208
0 210
0 217
0 218
0 225
0 226
0 227
0 229
0 235
0 242
0 258
0 260
0 266
0 267
0 270
0 274
0 276
0 279
0 288
0 291
0 292
0 294
0 295
0 298
0 302
0 303
0 308
1 3
1 4
1 5
1 7
1 15
1 19
1 21
1 22
1 27
1 31
1 32
1 39
1 49
1 52
1 56
1 61
1 65
1 73
1 75
1 78
1 79
1 83
1 85
1 93
1 95
1 97
1 100
1 102
1 104
1 111
1 122
1 130
1 131
1 137
1 142
1 147
1 149
1 155
1 163
1 170
1 182
1 188
1 191
1 198
1 199
1 213
1 220
1 229
1 230
1 231
1 233
1 234
1 238
1 239
1 240
1 246
1 248
1 249
1 251
1 264
1 273
1 279
1 281
1 287
1 292
1 294
1 295
1 297
1 302
1 309
1 310
1 316
1 319
2 12
2 14
2 32
2 37
2 40
2 43
2 53
2 58
2 65
2 66
2 72
2 74
2 79
2 90
2 97
2 101
2 106
2 109
2 113
2 115
2 117
2 140
2 149
2 152
2 157
2 159
2 160
2 174
2 185
2 188
2 190
2 193
2 197
2 210
2 211
2 215
2 225
2 228
2 229
2 234
2 237
2 238
2 244
2 247
2 249
2 250
2 256
2 260
2 262
2 267
2 280
2 281
2 282
2 284
2 285
2 288
2 292
2 297
2 305
2 318
3 9
3 17
3 19
3 23
3 28
3 33
3 41
3 42
3 46
3 51
3 59
3 61
3 64
3 74
3 75
3 81
3 87
3 89
3 96
3 102
3 105
3 106
3 116
3 117
3 121
3 126
3 127
3 141
3 153
3 154
3 158
3 172
3 173
3 176
3 180
3 194
3 195
3 196
3 198
3 201
3 208
3 220
3 222
3 227
3 232
3 241
3 245
3 255
3 259
3 261
3 264
3 274
3 277
3 281
3 287
3 291
3 303
3 305
3 310
3 314
3 317
3 318
4 11
4 12
4 17
4 18
4 26
4 28
4 30
4 37
4 40
4 41
4 46
4 50
4 68
4 71
4 76
4 79
4 80
4 90
4 93
4 94
4 107
4 115
4 128
4 137
4 152
4 158
4 163
4 170
4 171
4 179
4 184
4 185
4 186
4 188
4 193
4 204
4 212
4 214
4 217
4 220
4 223
4 225
4 231
4 233
4 243
4 248
4 262
4 263
4 273
4 274
4 283
4 291
4 292
4 293
4 303
4 307
4 312
4 314
4 316
4 319
5 20
5 30
5 32
5 49
5 59
5 63
5 67
5 68
5 77
5 89
5 91
5 95
5 101
5 104
5 111
5 119
5 126
5 133
5 138
5 146
5 150
5 151
5 153
5 154
5 163
5 166
5 171
5 173
5 183
5 186
5 192
5 199
5 221
5 223
5 226
5 233
5 234
5 241
5 243
5 249
5 261
5 272
5 282
5 284
5 304
5 315
5 317
5 318
6 9
6 13
6 17
6 22
6 24
6 26
6 53
6 59
6 62
6 71
6 79
6 80
6 81
6 89
6 92
6 99
6 100
6 102
6 132
6 135
6 136
6 137
6 144
6 146
6 147
6 155
6 157
6 159
6 161
6 165
6 167
6 172
6 176
6 179
6 193
6 194
6 195
6 203
6 209
6 216
6 221
6 224
6 227
6 237
6 243
6 248
6 259
6 274
6 302
6 307
6 313
6 319
7 11
7 12
7 19
7 20
7 21
7 29
7 35
7 37
7 39
7 41
7 42
7 44
7 48
7 51
7 59
7 62
7 65
7 66
7 67
7 85
7 93
7 94
7 96
7 103
7 112
7 117
7 129
7 136
7 140
7 141
7 153
7 157
7 158
7 169
7 172
7 177
7 184
7 188
7 198
7 199
7 209
7 212
7 217
7 223
7 230
7 232
7 233
7 234
7 235
7 238
7 242
7 244
7 249
7 252
7 256
7 257
7 265
7 267
7 271
7 274
7 278
7 281
7 284
7 289
7 290
7 293
7 299
7 300
7 307
7 318
8 12
8 25
8 28
8 30
8 35
8 40
8 49
8 51
8 63
8 64
8 65
8 70
8 73
8 75
8 82
8 85
8 88
8 91
8 96
8 97
8 106
8 107
8 115
8 118
8 133
8 137
8 142
8 143
8 144
8 146
8 149
8 150
8 162
8 165
8 197
8 202
8 203
8 210
8 211
8 214
8 221
8 231
8 232
8 239
8 241
8 245
8 248
8 258
8 264
8 266
8 273
8 275
8 276
8 281
8 289
8 296
8 298
8 303
8 308
8 311
8 313
8 314
9 16
9 32
9 34
9 35
9 36
9 39
9 42
9 46
9 53
9 66
9 88
9 93
9 94
9 96
9 98
9 102
9 107
9 109
9 113
9 118
9 119
9 122
9 126
9 129
9 135
9 147
9 151
9 153
9 155
9 160
9 164
9 166
9 173
9 174
9 175
9 177
9 180
9 185
9 188
9 189
9 192
9 198
9 200
9 201
9 204
9 208
9 227
9 238
9 248
9 251
9 255
9 262
9 263
9 264
9 271
9 272
9 277
9 279
9 280
9 286
9 288
9 291
9 292
9 293
9 297
9 298
9 300
9 303
9 312
10 12
10 20
10 25
10 32
10 38
10 40
10 44
10 47
10 60
10 62
10 64
10 71
10 78
10 79
10 84
10 85
10 86
10 87
10 102
10 103
10 114
10 115
10 121
10 124
10 126
10 127
10 129
10 130
10 133
10 139
10 141
10 142
10 156
10 160
10 165
10 166
10 167
10 171
10 173
10 178
10 195
10 200
10 201
10 205
10 206
10 212
10 214
10 224
10 228
10 229
10 230
10 243
10 244
10 252
10 257
10 263
10 269
10 271
10 276
10 279
10 286
10 288
10 292
10 296
10 300
10 303
10 309
10 312
11 16
11 17
11 24
11 26
11 28
11 30
11 32
11 42
11 44
11 45
11 47
11 49
11 50
11 51
11 67
11 70
11 75
11 77
11 83
11 86
11 105
11 110
11 112
11 116
11 120
11 126
11 128
11 131
11 134
11 140
11 144
11 145
11 149
11 155
11 157
11 158
11 164
11 168
11 169
11 171
11 172
11 184
11 185
11 200
11 202
11 208
11 213
11 226
11 243
11 246
11 251
11 255
11 273
11 275
11 282
11 290
11 296
11 304
11 305
11 308
11 314
11 315
11 316
12 18
12 22
12 24
12 34
12 37
12 44
12 46
12 52
12 60
12 63
12 72
12 75
12 77
12 81
12 92
12 94
12 102
12 106
12 107
12 112
12 118
12 119
12 123
12 124
12 128
12 131
12 133
12 136
12 137
12 144
12 154
12 159
12 162
12 164
12 173
12 176
12 177
12 183
12 187
12 189
12 213
12 216
12 220
12 229
12 230
12 235
12 240
12 241
12 246
12 247
12 256
12 265
12 271
12 273
12 274
12 275
12 276
12 277
12 292
12 294
12 295
12 298
12 307
12 314
12 316
12 317
13 26
13 30
13 44
13 53
13 78
13 83
13 84
13 98
13 118
13 123
13 137
13 146
13 148
13 149
13 150
13 151
13 154
13 157
13 159
13 162
13 168
13 181
13 183
13 189
13 191
13 192
13 194
13 196
13 198
13 215
13 219
13 229
13 230
13 235
13 238
13 239
13 247
13 249
13 250
13 253
13 257
13 258
13 259
13 260
13 262
13 264
13 265
13 269
13 270
13 271
13 274
13 286
13 290
13 294
13 297
13 298
13 300
13 309
13 314
13 317
14 17
14 18
14 29
14 33
14 37
14 41
14 44
14 63
14 65
14 73
14 84
14 96
14 99
14 103
14 105
14 112
14 114
14 116
14 117
14 118
14 123
14 127
14 129
14 142
14 143
14 159
14 160
14 164
14 168
14 174
14 176
14 179
14 183
14 184
14 185
14 190
14 196
14 208
14 210
14 211
14 212
14 216
14 217
14 224
14 226
14 227
14 228
14 237
14 244
14 247
14 249
14 253
14 262
14 263
14 268
14 270
14 281
14 283
14 295
14 307
14 315
15 17
15 18
15 19
15 24
15 27
15 29
15 30
15 36
15 38
15 45
15 46
15 50
15 56
15 59
15 62
15 65
15 68
15 73
15 80
15 87
15 90
15 94
15 96
15 100
15 103
15 105
15 119
15 120
15 125
15 130
15 131
15 138
15 141
15 157
15 168
15 181
15 191
15 195
15 201
15 203
15 216
15 217
15 222
15 232
15 236
15 237
15 244
15 255
15 261
15 273
15 278
15 279
15 287
15 290
15 291
15 292
15 297
15 301
15 308
16 21
16 38
16 40
16 43
16 48
16 60
16 62
16 70
16 71
16 74
16 76
16 87
16 88
16 95
16 96
16 105
16 113
16 130
16 138
16 141
16 154
16 173
16 179
16 194
16 199
16 205
16 208
16 214
16 223
16 224
16 228
16 229
16 233
16 234
16 237
16 241
16 244
16 247
16 252
16 255
16 259
16 267
16 270
16 271
16 277
16 278
16 279
16 287
16 289
16 292
16 296
16 300
16 303
16 307
16 308
16 310
16 312
17 19
17 22
17 28
17 35
17 39
17 42
17 48
17 68
17 70
17 71
17 78
17 87
17 107
17 113
17 114
17 123
17 128
17 132
17 133
17 137
17 138
17 139
17 144
17 147
17 151
17 152
17 153
17 175
17 178
17 183
17 185
17 197
17 200
17 201
17 202
17 208
17 211
17 212
17 227
17 236
17 241
17 245
17 251
17 254
17 257
17 261
17 262
17 268
17 278
17 288
17 289
17 290
17 294
17 296
17 298
17 304
17 309
17 313
17 319
18 41
18 42
18 45
18 57
18 66
18 75
18 79
18 82
18 95
18 97
18 104
18 106
18 112
18 114
18 118
18 128
18 134
18 135
18 137
18 146
18 149
18 151
18 154
18 155
18 159
18 162
18 163
18 167
18 177
18 182
18 186
18 198
18 200
18 202
18 210
18 212
18 215
18 218
18 220
18 221
18 225
18 226
18 227
18 231
18 233
18 238
18 242
18 244
18 254
18 255
18 256
18 261
18 271
18 273
18 276
18 277
18 279
18 280
18 294
18 309
18 310
18 317
19 25
19 29
19 30
19 32
19 33
19 37
19 44
19 45
19 46
19 57
19 70
19 77
19 87
19 91
19 96
19 97
19 99
19 115
19 134
19 155
19 159
19 161
19 164
19 169
19 177
19 179
19 180
19 181
19 184
19 196
19 202
19 214
19 220
19 225
19 227
19 230
19 243
19 251
19 255
19 259
19 261
19 277
19 279
19 284
19 286
19 287
19 288
19 289
19 291
19 296
19 297
19 298
19 300
19 301
19 304
19 314
19 315
19 316
19 317
20 27
20 28
20 29
20 32
20 39
20 43
20 49
20 51
20 58
20 60
20 63
20 69
20 73
20 79
20 87
20 99
20 108
20 112
20 113
20 120
20 122
20 123
20 131
20 133
20 134
20 135
20 139
20 147
20 149
20 158
20 175
20 177
20 178
20 179
20 185
20 187
20 189
20 190
20 199
20 204
20 208
20 212
20 216
20 219
20 220
20 234
20 245
20 246
20 247
20 248
20 249
20 251
20 255
20 257
20 262
20 268
20 272
20 281
20 287
20 294
20 295
20 298
20 299
20 300
20 302
20 314
20 318
21 27
21 28
21 32
21 35
21 43
21 50
21 53
21 57
21 58
21 59
21 70
21 81
21 83
21 85
21 92
21 93
21 98
21 99
21 104
21 106
21 109
21 110
21 122
21 126
21 129
21 137
21 139
21 146
21 149
21 152
21 155
21 159
21 177
21 179
21 181
21 185
21 187
21 195
21 199
21 208
21 217
21 222
21 224
21 226
21 231
21 236
21 243
21 244
21 250
21 256
21 262
21 270
21 271
21 272
21 273
21 275
21 278
21 294
21 314
21 316
21 318
22 34
22 35
22 36
22 37
22 39
22 40
22 43
22 51
22 53
22 54
22 56
22 60
22 66
22 69
22 81
22 84
22 86
22 91
22 97
22 99
22 102
22 104
22 107
22 108
22 118
22 120
22 121
22 127
22 141
22 142
22 143
22 145
22 150
22 154
22 155
22 161
22 172
22 175
22 182
22 193
22 197
22 200
22 206
22 207
22 212
22 215
22 220
22 222
22 232
22 234
22 238
22 239
22 241
22 245
22 249
22 254
22 255
22 265
22 267
22 268
22 272
22 278
22 281
22 289
22 299
22 300
22 305
22 311
22 315
23 26
23 27
23 32
23 49
23 59
23 61
23 62
23 73
23 84
23 87
23 96
23 108
23 118
23 119
23 122
23 139
23 144
23 158
23 160
23 170
23 172
23 173
23 175
23 179
23 197
23 202
23 220
23 225
23 232
23 234
23 239
23 241
23 244
23 247
23 251
23 252
23 256
23 266
23 267
23 268
23 270
23 277
23 296
23 303
23 309
23 311
23 316
24 34
24 41
24 45
24 51
24 53
24 66
24 69
24 72
24 74
24 75
24 79
24 84
24 85
24 87
24 91
24 92
24 97
24 99
24 103
24 109
24 111
24 119
24 121
24 124
24 125
24 132
24 139
24 150
24 155
24 160
24 167
24 171
24 194
24 203
24 208
24 229
24 230
24 236
24 246
24 254
24 267
24 272
24 275
24 278
24 285
24 287
24 294
24 298
24 299
24 301
24 315
24 318
25 29
25 30
25 35
25 36
25 38
25 41
25 51
25 54
25 58
25 60
25 61
25 62
25 65
25 75
25 78
25 86
25 87
25 92
25 99
25 101
25 112
25 120
25 136
25 137
25 138
25 153
25 154
25 159
25 163
25 164
25 175
25 183
25 186
25 189
25 200
25 201
25 204
25 205
25 212
25 228
25 231
25 236
25 237
25 238
25 247
25 256
25 257
25 258
25 261
25 262
25 270
25 272
25 279
25 280
25 287
25 293
25 295
25 297
25 316
26 34
26 43
26 47
26 50
26 53
26 62
26 66
26 80
26 88
26 95
26 96
26 115
26 124
26 126
26 127
26 130
26 131
26 134
26 137
26 147
26 155
26 158
26 175
26 183
26 187
26 191
26 192
26 197
26 202
26 204
26 213
26 214
26 218
26 220
26 224
26 225
26 231
26 235
26 237
26 245
26 247
26 251
26 256
26 270
26 276
26 278
26 280
26 282
26 284
26 288
26 290
26 292
26 294
26 304
26 305
26 313
27 30
27 37
27 40
27 44
27 47
27 50
27 52
27 55
27 60
27 63
27 68
27 73
27 78
27 80
27 92
27 95
27 99
27 101
27 102
27 105
27 107
27 112
27 115
27 116
27 117
27 129
27 137
27 138
27 140
27 151
27 153
27 154
27 156
27 158
27 176
27 181
27 186
27 189
27 193
27 197
27 198
27 200
27 203
27 212
27 216
27 230
27 233
27 235
27 236
27 243
27 245
27 255
27 259
27 261
27 285
27 289
27 292
27 304
27 305
27 310
27 312
27 314
27 316
28 30
28 52
28 55
28 57
28 70
28 74
28 75
28 76
28 77
28 78
28 91
28 93
28 95
28 96
28 100
28 107
28 108
28 114
28 116
28 125
28 128
28 134
28 141
28 144
28 145
28 152
28 154
28 159
28 161
28 171
28 174
28 175
28 179
28 181
28 182
28 184
28 190
28 193
28 194
28 200
28 212
28 213
28 224
28 225
28 239
28 243
28 245
28 246
28 250
28 261
28 262
28 264
28 266
28 273
28 275
28 277
28 284
28 285
28 286
28 292
28 293
28 295
28 307
28 315
29 30
29 43
29 49
29 50
29 56
29 58
29 62
29 65
29 73
29 83
29 85
29 87
29 92
29 101
29 102
29 103
29 104
29 105
29 117
29 120
29 144
29 145
29 152
29 159
29 163
29 166
29 175
29 176
29 177
29 178
29 202
29 210
29 214
29 220
29 222
29 223
29 236
29 238
29 255
29 258
29 263
29 270
29 273
29 274
29 277
29 281
29 286
30 32
30 38
30 45
30 50
30 52
30 55
30 64
30 66
30 69
30 79
30 81
30 85
30 88
30 91
30 99
30 103
30 114
30 123
30 127
30 128
30 129
30 139
30 141
30 145
30 155
30 158
30 159
30 163
30 164
30 165
30 169
30 170
30 175
30 182
30 187
30 193
30 194
30 196
30 198
30 203
30 209
30 211
30 216
30 221
30 222
30 233
30 234
30 245
30 250
30 256
30 266
30 275
30 278
30 282
30 285
30 289
30 291
30 299
30 301
30 309
30 310
30 312
30 313
30 316
31 32
31 36
31 39
31 40
31 41
31 47
31 52
31 58
31 59
31 63
31 66
31 67
31 71
31 72
31 76
31 79
31 87
31 88
31 91
31 92
31 93
31 98
31 101
31 102
31 104
31 109
31 110
31 116
31 122
31 126
31 127
31 140
31 163
31 169
31 172
31 182
31 183
31 186
31 191
31 192
31 194
31 198
31 203
31 204
31 208
31 209
31 220
31 238
31 242
31 247
31 253
31 256
31 270
31 271
31 273
31 275
31 276
31 279
31 280
31 282
31 290
31 297
31 300
31 304
31 315
31 317
31 318
32 44
32 45
32 48
32 49
32 50
32 60
32 61
32 67
32 69
32 70
32 75
32 78
32 79
32 81
32 89
32 91
32 93
32 94
32 97
32 107
32 119
32 126
32 137
32 147
32 159
32 166
32 172
32 174
32 182
32 186
32 188
32 195
32 196
32 203
32 206
32 211
32 216
32 219
32 232
32 233
32 236
32 240
32 241
32 244
32 249
32 250
32 271
32 274
32 281
32 283
32 287
32 289
32 297
32 298
32 299
32 301
32 304
32 308
32 309
32 310
32 312
32 317
33 34
33 36
33 39
33 50
33 56
33 58
33 62
33 69
33 76
33 77
33 88
33 92
33 94
33 98
33 104
33 105
33 118
33 123
33 125
33 129
33 131
33 133
33 137
33 143
33 153
33 155
33 158
33 167
33 168
33 170
33 172
33 173
33 174
33 177
33 182
33 184
33 199
33 207
33 209
33 214
33 228
33 238
33 248
33 255
33 269
33 272
33 280
33 289
33 290
33 299
33 305
33 311
33 314
33 319
34 37
34 46
34 50
34 51
34 52
34 53
34 57
34 66
34 74
34 75
34 78
34 80
34 82
34 84
34 86
34 87
34 88
34 92
34 93
34 98
34 111
34 118
34 121
34 129
34 130
34 137
34 141
34 149
34 151
34 154
34 157
34 158
34 162
34 164
34 165
34 181
34 182
34 187
34 196
34 197
34 201
34 204
34 207
34 210
34 213
34 217
34 218
34 221
34 225
34 227
34 232
34 233
34 238
34 239
34 240
34 242
34 244
34 245
34 246
34 247
34 253
34 257
34 258
34 262
34 265
34 271
34 277
34 288
34 290
34 296
34 297
34 306
34 314
35 37
35 41
35 51
35 61
35 63
35 67
35 71
35 72
35 77
35 94
35 99
35 103
35 106
35 108
35 119
35 127
35 131
35 140
35 148
35 149
35 156
35 159
35 160
35 161
35 188
35 190
35 195
35 196
35 200
35 206
35 208
35 218
35 221
35 226
35 228
35 229
35 232
35 233
35 237
35 239
35 243
35 252
35 258
35 262
35 268
35 270
35 271
35 276
35 281
35 283
35 284
35 285
35 304
35 306
35 311
35 319
36 40
36 45
36 46
36 53
36 56
36 58
36 75
36 77
36 78
36 80
36 85
36 88
36 91
36 94
36 107
36 110
36 115
36 125
36 133
36 137
36 138
36 144
36 146
36 147
36 149
36 152
36 153
36 155
36 158
36 163
36 165
36 167
36 170
36 183
36 184
36 186
36 191
36 192
36 196
36 209
36 216
36 224
36 226
36 234
36 235
36 242
36 243
36 247
36 250
36 257
36 262
36 270
36 275
36 277
36 284
36 285
36 291
36 292
36 293
36 294
36 303
36 311
36 313
36 318
37 38
37 46
37 55
37 57
37 70
37 72
37 75
37 83
37 87
37 90
37 92
37 94
37 101
37 107
37 114
37 118
37 120
37 125
37 126
37 127
37 129
37 137
37 140
37 146
37 147
37 150
37 151
37 158
37 160
37 167
37 171
37 174
37 177
37 188
37 189
37 197
37 199
37 208
37 209
37 215
37 218
37 224
37 227
37 228
37 231
37 256
37 259
37 263
37 277
37 297
37 301
37 305
37 310
37 311
38 46
38 49
38 59
38 62
38 63
38 64
38 68
38 71
38 74
38 91
38 97
38 102
38 103
38 107
38 113
38 116
38 122
38 132
38 133
38 137
38 141
38 142
38 146
38 147
38 151
38 155
38 156
38 159
38 168
38 173
38 175
38 182
38 184
38 189
38 192
38 196
38 198
38 200
38 202
38 212
38 221
38 224
38 226
38 228
38 229
38 230
38 231
38 233
38 236
38 237
38 241
38 249
38 251
38 253
38 254
38 259
38 264
38 294
38 298
38 300
38 302
38 307
38 310
39 40
39 42
39 43
39 51
39 57
39 67
39 68
39 75
39 77
39 90
39 92
39 105
39 106
39 125
39 134
39 137
39 141
39 148
39 150
39 152
39 153
39 160
39 161
39 162
39 171
39 172
39 183
39 187
39 189
39 191
39 194
39 195
39 200
39 207
39 223
39 228
39 236
39 242
39 249
39 253
39 264
39 278
39 291
39 300
39 303
39 305
39 309
39 313
39 319
40 44
40 50
40 52
40 56
40 61
40 70
40 71
40 93
40 95
40 99
40 100
40 111
40 127
40 133
40 134
40 143
40 149
40 151
40 157
40 168
40 169
40 176
40 199
40 206
40 208
40 216
40 220
40 223
40 225
40 230
40 240
40 254
40 256
40 269
40 271
40 275
40 286
40 297
40 304
40 306
40 309
40 311
40 312
40 313
40 315
40 319
41 46
41 48
41 53
41 59
41 68
41 78
41 80
41 81
41 91
41 92
41 96
41 102
41 104
41 105
41 116
41 123
41 133
41 134
41 138
41 146
41 152
41 159
41 161
41 162
41 163
41 167
41 174
41 177
41 180
41 183
41 186
41 194
41 195
41 196
41 200
41 205
41 207
41 215
41 220
41 228
41 232
41 234
41 243
41 247
41 249
41 250
41 253
41 254
41 260
41 268
41 269
41 274
41 285
41 292
41 301
41 311
41 318
42 48
42 51
42 54
42 57
42 69
42 72
42 82
42 84
42 85
42 89
42 90
42 95
42 98
42 99
42 101
42 105
42 107
42 111
42 112
42 113
42 116
42 118
42 119
42 121
42 122
42 129
42 133
42 137
42 140
42 145
42 147
42 150
42 151
42 152
42 154
42 155
42 158
42 162
42 174
42 184
42 197
42 204
42 210
42 214
42 215
42 223
42 226
42 232
42 233
42 234
42 237
42 253
42 258
42 271
42 275
42 281
42 290
42 297
42 303
42 304
42 310
42 312
42 315
43 44
43 45
43 49
43 53
43 56
43 58
43 59
43 63
43 73
43 95
43 108
43 110
43 114
43 117
43 118
43 121
43 123
43 130
43 140
43 147
43 151
43 153
43 163
43 169
43 176
43 179
43 180
43 181
43 185
43 202
43 206
43 208
43 212
43 214
43 218
43 219
43 229
43 231
43 234
43 241
43 245
43 257
43 262
43 265
43 266
43 275
43 276
43 277
43 281
43 282
43 286
43 287
43 288
43 290
43 293
43 294
43 296
43 301
43 302
43 306
43 314
43 315
44 48
44 50
44 53
44 54
44 55
44 63
44 68
44 73
44 81
44 82
44 89
44 91
44 95
44 97
44 106
44 112
44 124
44 125
44 128
44 129
44 132
44 138
44 141
44 143
44 147
44 174
44 179
44 182
44 191
44 196
44 199
44 206
44 210
44 212
44 228
44 232
44 235
44 239
44 241
44 262
44 270
44 272
44 279
44 281
44 290
44 291
44 292
44 296
44 300
44 305
44 310
44 313
44 315
44 316
44 317
45 46
45 52
45 56
45 68
45 81
45 82
45 87
45 90
45 98
45 102
45 105
45 112
45 114
45 115
45 121
45 122
45 124
45 127
45 135
45 139
45 141
45 148
45 151
45 156
45 167
45 169
45 174
45 175
45 179
45 180
45 182
45 186
45 195
45 196
45 197
45 198
45 201
45 205
45 206
45 214
45 215
45 219
45 225
45 226
45 227
45 229
45 231
45 237
45 242
45 247
45 248
45 249
45 250
45 251
45 255
45 262
45 265
45 266
45 268
45 277
45 293
45 294
45 296
45 306
45 307
45 308
45 315
46 49
46 52
46 61
46 63
46 65
46 69
46 76
46 80
46 87
46 96
46 102
46 114
46 117
46 120
46 123
46 125
46 132
46 138
46 141
46 151
46 157
46 161
46 164
46 174
46 185
46 186
46 189
46 193
46 195
46 197
46 199
46 218
46 237
46 238
46 252
46 254
46 270
46 273
46 284
46 288
46 289
47 50
47 60
47 62
47 66
47 67
47 68
47 70
47 72
47 80
47 81
47 89
47 94
47 100
47 103
47 108
47 111
47 112
47 120
47 124
47 131
47 132
47 139
47 151
47 152
47 154
47 158
47 159
47 162
47 173
47 190
47 193
47 195
47 230
47 231
47 237
47 240
47 246
47 247
47 250
47 252
47 258
47 261
47 265
47 272
47 278
47 280
47 281
47 283
47 285
47 294
47 308
47 310
47 311
47 312
47 317
47 319
48 55
48 68
48 70
48 71
48 73
48 78
48 79
48 81
48 83
48 92
48 107
48 109
48 114
48 121
48 134
48 147
48 158
48 162
48 165
48 170
48 173
48 181
48 185
48 191
48 195
48 197
48 207
48 214
48 224
48 226
48 230
48 234
48 237
48 241
48 244
48 245
48 251
48 258
48 266
48 267
48 271
48 272
48 280
48 282
48 286
48 291
48 295
48 298
48 309
48 310
49 50
49 58
49 60
49 62
49 66
49 75
49 80
49 84
49 86
49 88
49 90
49 91
49 100
49 109
49 110
49 112
49 115
49 118
49 125
49 129
49 132
49 143
49 146
49 149
49 150
49 153
49 154
49 156
49 167
49 168
49 169
49 170
49 174
49 175
49 176
49 180
49 184
49 187
49 188
49 192
49 199
49 203
49 208
49 217
49 221
49 232
49 235
49 237
49 242
49 256
49 261
49 263
49 268
49 269
49 270
49 277
49 278
49 284
49 287
49 288
49 298
49 310
49 315
50 62
50 70
50 72
50 81
50 82
50 83
50 89
50 93
50 97
50 104
50 108
50 109
50 116
50 126
50 129
50 133
50 145
50 149
50 152
50 155
50 158
50 159
50 166
50 173
50 175
50 176
50 188
50 192
50 204
50 208
50 214
50 216
50 218
50 224
50 225
50 232
50 235
50 238
50 244
50 246
50 252
50 253
50 274
50 299
50 308
50 317
50 318
51 54
51 58
51 60
51 65
51 79
51 80
51 81
51 83
51 96
51 98
51 102
51 105
51 110
51 114
51 129
51 130
51 137
51 154
51 162
51 165
51 167
51 170
51 174
51 176
51 189
51 193
51 200
51 206
51 209
51 217
51 220
51 221
51 227
51 235
51 237
51 239
51 243
51 245
51 249
51 269
51 270
51 271
51 273
51 282
51 283
51 285
51 293
51 294
51 295
51 298
51 301
51 311
51 318
52 58
52 61
52 69
52 89
52 92
52 96
52 99
52 100
52 101
52 103
52 109
52 113
52 124
52 126
52 129
52 133
52 134
52 143
52 150
52 155
52 162
52 163
52 166
52 171
52 180
52 186
52 193
52 198
52 202
52 205
52 210
52 211
52 213
52 214
52 219
52 220
52 240
52 244
52 247
52 250
52 256
52 285
52 289
52 290
52 303
52 319
53 55
53 56
53 61
53 62
53 67
53 68
53 72
53 78
53 79
53 87
53 90
53 94
53 96
53 97
53 105
53 108
53 114
53 129
53 133
53 135
53 136
53 142
53 154
53 157
53 159
53 167
53 169
53 171
53 173
53 177
53 181
53 183
53 184
53 197
53 204
53 207
53 218
53 219
53 224
53 227
53 229
53 232
53 243
53 247
53 249
53 260
53 266
53 268
53 271
53 272
53 275
53 277
53 282
53 300
53 304
53 311
53 313
53 314
54 56
54 57
54 65
54 66
54 70
54 72
54 80
54 88
54 98
54 107
54 115
54 119
54 120
54 123
54 128
54 130
54 133
54 138
54 146
54 152
54 160
54 171
54 188
54 189
54 191
54 198
54 201
54 205
54 213
54 217
54 223
54 226
54 228
54 233
54 236
54 241
54 245
54 248
54 252
54 262
54 263
54 264
54 269
54 272
54 281
54 289
54 294
54 296
54 297
54 298
54 301
54 305
54 312
54 316
55 61
55 66
55 74
55 80
55 83
55 86
55 87
55 89
55 90
55 93
55 95
55 100
55 108
55 110
55 120
55 129
55 138
55 142
55 143
55 146
55 150
55 153
55 157
55 158
55 160
55 167
55 171
55 182
55 185
55 194
55 195
55 198
55 206
55 210
55 211
55 214
55 219
55 221
55 225
55 227
55 228
55 229
55 232
55 236
55 249
55 257
55 263
55 274
55 277
55 282
55 286
55 287
55 298
55 302
55 304
55 306
55 310
55 311
55 312
56 59
56 64
56 69
56 71
56 80
56 82
56 94
56 96
56 102
56 105
56 106
56 107
56 109
56 123
56 134
56 136
56 137
56 147
56 148
56 160
56 174
56 182
56 183
56 184
56 186
56 188
56 194
56 198
56 203
56 212
56 213
56 220
56 223
56 229
56 232
56 239
56 243
56 247
56 266
56 270
56 275
56 281
56 288
56 290
56 292
56 293
56 300
56 306
56 310
56 315
57 60
57 62
57 65
57 71
57 73
57 74
57 75
57 77
57 78
57 80
57 82
57 87
57 88
57 89
57 90
57 91
57 97
57 98
57 105
57 115
57 122
57 128
57 140
57 143
57 144
57 146
57 149
57 153
57 156
57 160
57 165
57 166
57 169
57 175
57 179
57 183
57 193
57 199
57 200
57 202
57 203
57 214
57 222
57 223
57 224
57 230
57 234
57 240
57 250
57 253
57 262
57 263
57 270
57 288
57 297
57 298
57 304
57 307
57 309
57 310
57 314
58 59
58 60
58 62
58 64
58 65
58 82
58 85
58 87
58 89
58 90
58 100
58 104
58 110
58 111
58 115
58 116
58 118
58 126
58 132
58 134
58 139
58 163
58 165
58 167
58 171
58 176
58 179
58 183
58 190
58 193
58 198
58 204
58 208
58 212
58 220
58 223
58 228
58 230
58 234
58 246
58 249
58 251
58 253
58 255
58 256
58 263
58 269
58 270
58 300
58 308
58 309
58 315
58 316
59 62
59 70
59 73
59 75
59 76
59 80
59 82
59 84
59 97
59 106
59 111
59 114
59 119
59 124
59 130
59 132
59 140
59 142
59 150
59 151
59 152
59 159
59 166
59 171
59 174
59 176
59 180
59 197
59 198
59 201
59 203
59 206
59 214
59 234
59 235
59 237
59 240
59 241
59 245
59 250
59 252
59 259
59 260
59 266
59 269
59 273
59 285
59 301
59 304
59 311
59 315
60 63
60 66
60 69
60 75
60 76
60 82
60 99
60 103
60 107
60 108
60 110
60 113
60 115
60 120
60 127
60 131
60 135
60 138
60 140
60 146
60 150
60 154
60 158
60 178
60 181
60 182
60 183
60 186
60 191
60 192
60 194
60 197
60 202
60 222
60 233
60 234
60 243
60 254
60 258
60 261
60 262
60 263
60 271
60 275
60 282
60 288
60 297
60 299
60 303
60 305
60 306
60 308
60 309
60 310
60 312
60 313
60 318
61 63
61 71
61 87
61 88
61 105
61 107
61 111
61 118
61 125
61 128
61 130
61 131
61 132
61 141
61 148
61 149
61 150
61 160
61 169
61 176
61 177
61 179
61 182
61 186
61 189
61 202
61 204
61 205
61 210
61 214
61 216
61 221
61 222
61 226
61 230
61 236
61 240
61 241
61 245
61 248
61 249
61 251
61 260
61 276
61 277
61 278
61 285
61 286
61 292
61 300
61 305
61 309
61 318
62 65
62 70
62 72
62 74
62 75
62 77
62 90
62 108
62 111
62 112
62 120
62 122
62 136
62 145
62 151
62 158
62 160
62 176
62 179
62 180
62 183
62 187
62 201
62 204
62 212
62 216
62 217
62 228
62 232
62 247
62 250
62 251
62 254
62 255
62 257
62 265
62 270
62 271
62 277
62 279
62 284
62 289
62 314
62 315
62 318
63 64
63 72
63 75
63 80
63 82
63 89
63 95
63 99
63 101
63 104
63 107
63 122
63 132
63 135
63 136
63 137
63 142
63 143
63 155
63 158
63 159
63 161
63 168
63 180
63 186
63 187
63 188
63 198
63 199
63 203
63 204
63 213
63 225
63 232
63 236
63 239
63 242
63 253
63 256
63 263
63 276
63 279
63 282
63 289
63 293
63 295
63 298
63 301
63 309
63 314
63 317
64 65
64 68
64 73
64 77
64 85
64 88
64 93
64 95
64 104
64 106
64 112
64 115
64 118
64 123
64 126
64 130
64 134
64 137
64 140
64 146
64 153
64 155
64 162
64 163
64 183
64 184
64 186
64 187
64 195
64 203
64 209
64 214
64 216
64 217
64 227
64 229
64 230
64 231
64 233
64 235
64 237
64 239
64 243
64 249
64 256
64 257
64 259
64 264
64 271
64 279
64 280
64 285
64 288
64 302
64 303
64 306
64 307
65 75
65 76
65 77
65 79
65 90
65 101
65 104
65 106
65 122
65 126
65 133
65 135
65 138
65 147
65 158
65 159
65 173
65 182
65 188
65 192
65 199
65 206
65 207
65 208
65 209
65 210
65 214
65 217
65 226
65 229
65 230
65 233
65 241
65 244
65 247
65 248
65 252
65 254
65 257
65 259
65 261
65 262
65 265
65 274
65 275
65 278
65 284
65 290
65 291
65 292
65 306
65 310
65 312
65 317
66 67
66 68
66 80
66 84
66 94
66 104
66 108
66 116
66 118
66 121
66 128
66 131
66 136
66 137
66 145
66 156
66 157
66 168
66 176
66 179
66 186
66 188
66 196
66 204
66 205
66 207
66 209
66 226
66 228
66 229
66 240
66 241
66 244
66 249
66 252
66 257
66 267
66 275
66 278
66 281
66 284
66 297
66 304
66 310
67 72
67 73
67 79
67 87
67 89
67 100
67 101
67 107
67 122
67 124
67 131
67 134
67 143
67 146
67 150
67 153
67 154
67 162
67 164
67 169
67 171
67 176
67 179
67 184
67 190
67 194
67 195
67 196
67 202
67 225
67 236
67 238
67 241
67 256
67 258
67 262
67 269
67 271
67 277
67 283
67 284
67 287
67 292
67 293
67 295
67 302
67 304
67 307
67 308
67 311
67 314
67 316
68 80
68 94
68 101
68 111
68 117
68 118
68 120
68 121
68 127
68 128
68 129
68 135
68 139
68 149
68 154
68 158
68 163
68 165
68 167
68 174
68 175
68 192
68 197
68 206
68 211
68 213
68 216
68 225
68 227
68 238
68 240
68 243
68 246
68 253
68 257
68 274
68 275
68 281
68 282
68 289
68 291
68 298
68 301
68 305
68 319
69 73
69 76
69 77
69 79
69 82
69 86
69 102
69 113
69 126
69 127
69 129
69 159
69 160
69 161
69 162
69 169
69 175
69 176
69 186
69 187
69 189
69 190
69 201
69 202
69 203
69 206
69 210
69 224
69 234
69 236
69 244
69 245
69 249
69 253
69 255
69 257
69 264
69 265
69 268
69 270
69 271
69 274
69 280
69 285
69 289
69 301
69 306
69 317
70 77
70 85
70 96
70 105
70 108
70 122
70 126
70 137
70 145
70 148
70 153
70 154
70 156
70 157
70 164
70 169
70 172
70 175
70 181
70 185
70 198
70 200
70 213
70 226
70 234
70 242
70 244
70 250
70 254
70 256
70 260
70 263
70 265
70 266
70 272
70 289
70 292
70 298
70 299
70 300
70 307
71 72
71 76
71 89
71 92
71 93
71 98
71 108
71 109
71 115
71 126
71 127
71 135
71 140
71 144
71 145
71 153
71 154
71 155
71 157
71 167
71 168
71 173
71 187
71 189
71 194
71 196
71 208
71 210
71 211
71 214
71 217
71 219
71 222
71 228
71 229
71 230
71 236
71 248
71 256
71 261
71 265
71 266
71 274
71 286
71 289
71 292
71 294
71 296
71 303
71 312
71 313
71 315
72 78
72 82
72 89
72 90
72 91
72 92
72 94
72 98
72 100
72 106
72 107
72 118
72 120
72 124
72 128
72 133
72 153
72 155
72 162
72 164
72 165
72 167
72 170
72 182
72 183
72 190
72 193
72 203
72 207
72 208
72 213
72 215
72 216
72 220
72 223
72 234
72 239
72 242
72 246
72 249
72 257
72 262
72 267
72 270
72 274
72 297
72 298
72 307
72 313
73 77
73 83
73 84
73 88
73 92
73 99
73 102
73 104
73 106
73 110
73 114
73 117
73 121
73 125
73 126
73 129
73 134
73 136
73 139
73 145
73 149
73 160
73 163
73 165
73 168
73 169
73 177
73 179
73 193
73 201
73 204
73 205
73 210
73 212
73 213
73 217
73 219
73 235
73 236
73 242
73 247
73 249
73 256
73 260
73 268
73 272
73 287
73 288
73 289
73 291
73 295
73 299
73 307
73 310
73 315
73 319
74 76
74 79
74 83
74 89
74 91
74 111
74 119
74 132
74 139
74 141
74 148
74 150
74 158
74 160
74 165
74 166
74 167
74 169
74 172
74 176
74 182
74 184
74 190
74 195
74 199
74 217
74 221
74 224
74 226
74 230
74 235
74 238
74 240
74 243
74 262
74 264
74 275
74 276
74 279
74 288
74 289
74 290
74 293
74 300
74 303
74 305
74 306
74 311
74 316
75 87
75 96
75 101
75 108
75 115
75 117
75 126
75 127
75 131
75 133
75 139
75 157
75 158
75 165
75 168
75 169
75 174
75 179
75 183
75 188
75 200
75 202
75 207
75 208
75 212
75 214
75 221
75 223
75 225
75 229
75 232
75 241
75 243
75 245
75 246
75 248
75 254
75 255
75 263
75 266
75 277
75 280
75 285
75 286
75 290
75 291
75 292
75 301
76 82
76 88
76 91
76 92
76 94
76 95
76 109
76 120
76 121
76 138
76 144
76 148
76 149
76 150
76 161
76 173
76 176
76 177
76 179
76 184
76 185
76 193
76 196
76 209
76 214
76 217
76 226
76 238
76 250
76 254
76 260
76 265
76 267
76 273
76 275
76 282
76 286
76 292
76 295
76 305
76 311
76 315
76 318
77 98
77 99
77 107
77 108
77 114
77 125
77 129
77 133
77 137
77 152
77 153
77 157
77 158
77 161
77 162
77 164
77 166
77 168
77 177
77 179
77 183
77 196
77 198
77 200
77 202
77 203
77 204
77 213
77 218
77 237
77 247
77 249
77 254
77 256
77 259
77 261
77 264
77 270
77 274
77 279
77 298
77 305
77 307
77 308
77 314
77 317
78 79
78 83
78 86
78 92
78 93
78 102
78 104
78 108
78 116
78 119
78 125
78 128
78 133
78 134
78 140
78 144
78 146
78 148
78 149
78 151
78 152
78 156
78 158
78 159
78 162
78 164
78 167
78 175
78 177
78 178
78 180
78 184
78 189
78 191
78 193
78 199
78 201
78 204
78 205
78 209
78 216
78 217
78 220
78 225
78 228
78 234
78 236
78 238
78 243
78 247
78 263
78 265
78 270
78 281
78 282
78 287
78 294
78 301
78 302
78 311
78 316
78 317
78 319
79 81
79 90
79 91
79 103
79 107
79 108
79 124
79 130
79 133
79 147
79 152
79 153
79 155
79 156
79 157
79 164
79 167
79 176
79 177
79 185
79 191
79 194
79 198
79 224
79 246
79 247
79 248
79 256
79 257
79 264
79 267
79 272
79 273
79 288
79 289
79 290
79 291
79 293
79 298
79 302
79 311
79 316
79 319
80 102
80 111
80 115
80 122
80 126
80 127
80 131
80 135
80 136
80 138
80 146
80 151
80 156
80 158
80 166
80 173
80 174
80 193
80 200
80 204
80 205
80 208
80 211
80 222
80 227
80 232
80 233
80 240
80 242
80 245
80 248
80 249
80 253
80 254
80 262
80 263
80 266
80 269
80 272
80 273
80 276
80 278
80 293
80 302
80 305
80 307
80 313
80 316
81 94
81 96
81 101
81 103
81 113
81 115
81 117
81 122
81 123
81 124
81 127
81 128
81 131
81 136
81 137
81 139
81 143
81 151
81 152
81 155
81 158
81 159
81 160
81 168
81 170
81 171
81 191
81 192
81 197
81 198
81 202
81 211
81 215
81 216
81 218
81 221
81 226
81 227
81 240
81 243
81 246
81 249
81 252
81 255
81 262
81 270
81 271
81 276
81 284
81 285
81 288
81 289
81 290
81 293
81 297
81 301
81 305
82 87
82 91
82 92
82 94
82 96
82 97
82 98
82 101
82 103
82 105
82 106
82 109
82 116
82 131
82 133
82 136
82 145
82 147
82 148
82 149
82 159
82 161
82 162
82 168
82 173
82 178
82 180
82 184
82 185
82 188
82 199
82 208
82 210
82 217
82 220
82 222
82 233
82 236
82 241
82 246
82 251
82 260
82 264
82 270
82 271
82 279
82 282
82 284
82 287
82 289
82 292
82 294
82 297
82 298
82 304
82 305
82 307
82 308
82 316
83 89
83 91
83 95
83 98
83 101
83 104
83 105
83 111
83 116
83 123
83 126
83 140
83 154
83 157
83 163
83 164
83 169
83 175
83 178
83 179
83 188
83 189
83 192
83 194
83 195
83 199
83 214
83 217
83 226
83 231
83 238
83 241
83 242
83 250
83 251
83 263
83 266
83 272
83 276
83 277
83 290
83 298
83 303
83 309
83 310
84 87
84 95
84 108
84 113
84 115
84 137
84 142
84 148
84 156
84 162
84 165
84 168
84 169
84 172
84 183
84 198
84 199
84 200
84 202
84 203
84 206
84 213
84 215
84 217
84 220
84 222
84 240
84 242
84 251
84 253
84 256
84 257
84 260
84 261
84 262
84 263
84 264
84 267
84 269
84 275
84 280
84 285
84 287
84 292
84 301
84 303
84 307
84 313
85 89
85 95
85 100
85 101
85 102
85 105
85 112
85 125
85 126
85 133
85 138
85 142
85 144
85 145
85 148
85 149
85 150
85 151
85 158
85 159
85 160
85 165
85 166
85 170
85 173
85 177
85 178
85 180
85 181
85 183
85 189
85 196
85 209
85 212
85 217
85 221
85 249
85 251
85 254
85 257
85 258
85 261
85 263
85 268
85 270
85 274
85 283
85 285
85 298
85 299
85 300
85 301
85 305
85 309
85 314
85 316
86 87
86 89
86 90
86 102
86 106
86 114
86 116
86 120
86 125
86 126
86 127
86 134
86 145
86 150
86 153
86 155
86 166
86 167
86 169
86 172
86 173
86 176
86 181
86 192
86 193
86 200
86 205
86 207
86 223
86 225
86 227
86 228
86 236
86 247
86 248
86 253
86 257
86 268
86 274
86 279
86 281
86 286
86 292
86 293
86 294
86 297
86 313
86 315
86 317
87 103
87 110
87 112
87 117
87 120
87 126
87 130
87 134
87 141
87 142
87 148
87 152
87 156
87 159
87 160
87 161
87 163
87 167
87 175
87 183
87 184
87 186
87 198
87 210
87 212
87 215
87 225
87 238
87 239
87 240
87 242
87 247
87 249
87 254
87 255
87 265
87 266
87 268
87 274
87 281
87 283
87 284
87 296
87 297
87 300
87 302
88 89
88 92
88 100
88 103
88 105
88 108
88 111
88 116
88 118
88 122
88 125
88 126
88 129
88 138
88 142
88 151
88 158
88 160
88 165
88 172
88 176
88 184
88 193
88 200
88 204
88 212
88 217
88 219
88 227
88 236
88 238
88 239
88 250
88 251
88 252
88 267
88 272
88 273
88 274
88 293
88 297
88 298
88 302
89 91
89 93
89 96
89 104
89 108
89 111
89 114
89 125
89 132
89 139
89 142
89 143
89 144
89 146
89 154
89 158
89 167
89 171
89 174
89 178
89 182
89 187
89 190
89 193
89 202
89 206
89 211
89 214
89 215
89 224
89 225
89 231
89 233
89 234
89 238
89 244
89 252
89 253
89 254
89 260
89 263
89 282
89 283
89 286
89 288
89 292
89 294
89 295
89 299
89 302
89 305
89 309
89 310
90 94
90 98
90 104
90 105
90 112
90 114
90 116
90 121
90 127
90 132
90 137
90 138
90 150
90 154
90 157
90 159
90 160
90 162
90 163
90 168
90 176
90 183
90 185
90 189
90 196
90 200
90 203
90 205
90 209
90 222
90 224
90 226
90 227
90 230
90 232
90 233
90 234
90 236
90 237
90 238
90 239
90 242
90 248
90 254
90 257
90 260
90 266
90 287
90 294
90 298
90 299
90 307
90 309
91 97
91 101
91 106
91 110
91 114
91 122
91 126
91 132
91 133
91 136
91 137
91 139
91 143
91 144
91 145
91 147
91 151
91 158
91 162
91 181
91 193
91 194
91 195
91 197
91 205
91 215
91 219
91 221
91 223
91 225
91 226
91 245
91 256
91 262
91 267
91 278
91 281
91 282
91 283
91 287
91 292
91 293
91 294
91 296
91 300
91 301
91 303
91 313
92 97
92 102
92 108
92 118
92 119
92 120
92 127
92 133
92 138
92 141
92 142
92 144
92 147
92 153
92 155
92 162
92 177
92 181
92 192
92 200
92 201
92 203
92 219
92 230
92 232
92 233
92 237
92 239
92 257
92 258
92 260
92 264
92 268
92 274
92 275
92 277
92 289
93 94
93 96
93 97
93 99
93 101
93 110
93 115
93 117
93 139
93 154
93 157
93 168
93 172
93 174
93 178
93 181
93 188
93 190
93 200
93 210
93 214
93 217
93 219
93 224
93 250
93 253
93 256
93 258
93 263
93 276
93 277
93 280
93 281
93 290
93 295
93 297
93 298
93 299
93 310
93 314
93 316
94 100
94 101
94 102
94 103
94 105
94 113
94 123
94 126
94 129
94 130
94 136
94 139
94 145
94 148
94 149
94 150
94 152
94 153
94 154
94 155
94 161
94 162
94 164
94 179
94 180
94 196
94 204
94 208
94 211
94 213
94 223
94 224
94 238
94 248
94 249
94 252
94 259
94 260
94 271
94 274
94 280
94 282
94 285
94 286
94 300
94 301
94 302
94 304
94 313
94 316
95 107
95 114
95 115
95 131
95 134
95 138
95 147
95 153
95 158
95 166
95 177
95 179
95 183
95 187
95 191
95 203
95 206
95 210
95 211
95 219
95 224
95 225
95 226
95 228
95 231
95 245
95 250
95 255
95 263
95 265
95 266
95 274
95 282
95 291
95 300
95 302
95 309
95 317
96 99
96 106
96 113
96 125
96 138
96 141
96 151
96 154
96 158
96 161
96 169
96 174
96 180
96 182
96 184
96 188
96 191
96 192
96 202
96 214
96 217
96 218
96 219
96 223
96 224
96 227
96 230
96 232
96 237
96 238
96 239
96 243
96 246
96 264
96 266
96 270
96 274
96 278
96 283
96 287
96 290
96 297
96 304
96 306
96 307
96 308
96 312
96 313
97 105
97 112
97 119
97 121
97 135
97 137
97 139
97 142
97 145
97 155
97 160
97 163
97 167
97 173
97 174
97 178
97 181
97 182
97 186
97 195
97 203
97 217
97 219
97 220
97 235
97 243
97 244
97 250
97 254
97 258
97 260
97 269
97 271
97 273
97 276
97 282
97 287
97 289
97 299
97 303
97 311
97 316
97 319
98 102
98 107
98 115
98 117
98 118
98 124
98 125
98 127
98 130
98 137
98 138
98 142
98 143
98 144
98 145
98 147
98 156
98 158
98 164
98 165
98 179
98 180
98 181
98 185
98 200
98 202
98 203
98 207
98 209
98 221
98 222
98 224
98 226
98 227
98 228
98 231
98 247
98 250
98 252
98 254
98 264
98 270
98 289
98 295
98 298
98 309
98 310
98 311
98 312
98 314
99 111
99 115
99 119
99 123
99 124
99 125
99 132
99 141
99 145
99 152
99 153
99 169
99 173
99 178
99 186
99 190
99 191
99 193
99 196
99 197
99 203
99 204
99 206
99 209
99 210
99 213
99 214
99 225
99 226
99 249
99 260
99 262
99 267
99 268
99 276
99 278
99 280
99 287
99 291
99 292
99 294
99 295
99 297
99 299
99 301
99 309
99 312
99 313
99 319
100 104
100 111
100 138
100 143
100 146
100 149
100 154
100 157
100 158
100 166
100 168
100 181
100 189
100 191
100 194
100 198
100 204
100 205
100 206
100 207
100 210
100 219
100 222
100 223
100 235
100 236
100 250
100 252
100 255
100 262
100 263
100 265
100 266
100 268
100 270
100 278
100 281
100 282
100 285
100 294
100 305
100 310
100 311
101 102
101 104
101 109
101 112
101 120
101 125
101 128
101 132
101 133
101 145
101 148
101 150
101 151
101 152
101 155
101 157
101 168
101 169
101 173
101 175
101 181
101 188
101 190
101 197
101 199
101 211
101 214
101 216
101 222
101 224
101 246
101 258
101 260
101 263
101 266
101 267
101 269
101 271
101 274
101 278
101 285
101 289
101 297
101 298
101 300
101 305
101 306
101 310
101 313
101 318
102 115
102 119
102 122
102 137
102 143
102 145
102 146
102 150
102 152
102 159
102 162
102 165
102 185
102 186
102 192
102 220
102 222
102 230
102 239
102 246
102 247
102 251
102 267
102 270
102 283
102 287
102 295
102 296
102 298
102 300
102 301
102 306
102 310
102 315
102 318
103 107
103 108
103 117
103 118
103 130
103 134
103 136
103 138
103 140
103 163
103 165
103 166
103 176
103 178
103 191
103 199
103 200
103 201
103 209
103 212
103 223
103 234
103 244
103 251
103 255
103 261
103 263
103 264
103 267
103 280
103 293
103 300
103 314
104 108
104 112
104 114
104 125
104 133
104 139
104 149
104 152
104 153
104 154
104 155
104 160
104 162
104 165
104 166
104 168
104 172
104 173
104 176
104 181
104 186
104 194
104 211
104 213
104 218
104 221
104 222
104 226
104 227
104 228
104 229
104 234
104 241
104 243
104 253
104 261
104 262
104 270
104 272
104 273
104 280
104 292
104 296
104 297
104 313
104 318
105 111
105 117
105 121
105 124
105 127
105 137
105 142
105 143
105 144
105 153
105 161
105 166
105 172
105 174
105 178
105 183
105 184
105 185
105 192
105 200
105 203
105 206
105 212
105 213
105 218
105 219
105 224
105 226
105 238
105 243
105 246
105 256
105 258
105 270
105 277
105 283
105 284
105 285
105 286
105 289
105 291
105 298
105 299
105 309
105 312
105 314
105 317
106 114
106 116
106 119
106 125
106 126
106 129
106 132
106 138
106 144
106 146
106 158
106 166
106 167
106 169
106 170
106 176
106 179
106 181
106 185
106 191
106 195
106 196
106 206
106 207
106 217
106 220
106 228
106 231
106 241
106 270
106 271
106 276
106 278
106 284
106 293
106 296
106 297
106 298
106 300
106 301
106 305
106 306
106 312
106 313
107 116
107 121
107 122
107 123
107 127
107 133
107 135
107 136
107 151
107 165
107 172
107 196
107 214
107 215
107 216
107 219
107 235
107 246
107 248
107 250
107 252
107 259
107 262
107 263
107 264
107 270
107 276
107 281
107 288
107 295
107 305
107 313
108 122
108 131
108 141
108 145
108 166
108 171
108 173
108 176
108 181
108 190
108 191
108 216
108 218
108 219
108 230
108 233
108 241
108 242
108 253
108 257
108 262
108 266
108 269
108 272
108 285
108 286
108 288
108 294
108 298
108 299
108 302
108 312
108 317
109 111
109 113
109 114
109 120
109 121
109 126
109 131
109 143
109 153
109 157
109 159
109 165
109 170
109 173
109 176
109 177
109 196
109 200
109 214
109 217
109 219
109 220
109 223
109 225
109 227
109 236
109 241
109 245
109 251
109 256
109 283
109 286
109 292
109 293
109 294
109 295
109 300
109 308
109 318
110 113
110 115
110 116
110 117
110 121
110 123
110 125
110 126
110 130
110 137
110 145
110 157
110 162
110 165
110 175
110 180
110 182
110 192
110 199
110 200
110 201
110 204
110 205
110 206
110 212
110 218
110 221
110 223
110 237
110 239
110 240
110 241
110 253
110 255
110 256
110 267
110 268
110 279
110 289
110 290
110 292
110 299
110 303
110 308
110 313
111 118
111 141
111 142
111 146
111 149
111 161
111 162
111 165
111 167
111 174
111 175
111 177
111 180
111 188
111 194
111 199
111 200
111 203
111 204
111 210
111 211
111 213
111 217
111 218
111 229
111 236
111 251
111 256
111 262
111 278
111 282
111 287
111 292
111 295
111 297
111 301
111 304
111 312
111 313
111 314
112 121
112 125
112 132
112 133
112 136
112 137
112 139
112 144
112 148
112 159
112 174
112 187
112 190
112 198
112 202
112 207
112 208
112 209
112 215
112 217
112 218
112 224
112 233
112 235
112 242
112 243
112 244
112 249
112 250
112 252
112 255
112 257
112 260
112 267
112 277
112 279
112 281
112 288
112 293
112 294
112 296
112 302
112 303
112 304
112 309
112 314
113 117
113 122
113 126
113 128
113 135
113 146
113 147
113 155
113 159
113 166
113 172
113 173
113 177
113 184
113 198
113 203
113 204
113 206
113 210
113 216
113 217
113 219
113 225
113 230
113 233
113 239
113 246
113 247
113 251
113 257
113 261
113 269
113 270
113 272
113 274
113 276
113 281
113 283
113 285
113 306
113 307
114 118
114 120
114 121
114 123
114 126
114 132
114 150
114 151
114 158
114 159
114 162
114 166
114 168
114 171
114 174
114 183
114 190
114 199
114 200
114 204
114 229
114 244
114 245
114 247
114 251
114 256
114 257
114 260
114 264
114 267
114 271
114 280
114 284
114 290
114 296
114 312
114 316
114 317
115 117
115 122
115 136
115 138
115 139
115 140
115 141
115 143
115 147
115 153
115 157
115 160
115 161
115 169
115 183
115 184
115 198
115 199
115 207
115 210
115 218
115 219
115 220
115 226
115 228
115 236
115 240
115 244
115 245
115 253
115 255
115 256
115 258
115 259
115 260
115 267
115 269
115 276
115 297
115 300
115 302
115 319
116 126
116 127
116 128
116 137
116 140
116 141
116 142
116 143
116 144
116 146
116 156
116 158
116 160
116 162
116 164
116 171
116 173
116 180
116 184
116 185
116 186
116 187
116 192
116 201
116 206
116 208
116 217
116 218
116 221
116 223
116 229
116 231
116 233
116 234
116 240
116 247
116 252
116 255
116 256
116 264
116 274
116 284
116 287
116 294
116 295
116 299
116 302
116 303
116 305
116 312
116 318
117 119
117 125
117 126
117 136
117 137
117 143
117 152
117 158
117 160
117 169
117 171
117 179
117 180
117 187
117 189
117 194
117 196
117 199
117 204
117 205
117 206
117 211
117 212
117 214
117 224
117 228
117 229
117 268
117 276
117 281
117 282
117 286
117 291
117 295
117 304
117 307
118 121
118 123
118 129
118 130
118 143
118 150
118 151
118 152
118 173
118 178
118 180
118 187
118 197
118 198
118 205
118 206
118 213
118 223
118 232
118 237
118 239
118 247
118 251
118 254
118 259
118 271
118 274
118 290
118 294
118 303
118 315
118 318
119 120
119 123
119 127
119 128
119 140
119 142
119 151
119 155
119 156
119 158
119 159
119 164
119 174
119 176
119 194
119 206
119 212
119 213
119 222
119 225
119 228
119 231
119 262
119 269
119 272
119 277
119 293
119 306
119 310
119 311
119 314
119 318
120 121
120 133
120 140
120 141
120 144
120 146
120 155
120 157
120 161
120 167
120 178
120 180
120 186
120 187
120 189
120 193
120 194
120 198
120 205
120 209
120 212
120 218
120 226
120 228
120 229
120 236
120 245
120 253
120 255
120 259
120 275
120 277
120 279
120 293
120 297
120 299
120 304
120 307
120 311
120 315
120 318
121 129
121 140
121 141
121 142
121 150
121 152
121 158
121 160
121 162
121 166
121 172
121 173
121 176
121 184
121 192
121 193
121 194
121 196
121 198
121 199
121 201
121 204
121 206
121 211
121 216
121 218
121 233
121 234
121 236
121 238
121 239
121 242
121 246
121 247
121 252
121 253
121 263
121 265
121 270
121 273
121 282
121 283
121 285
121 290
121 295
121 297
121 299
121 303
121 310
121 311
122 126
122 138
122 149
122 152
122 153
122 157
122 163
122 165
122 168
122 170
122 174
122 182
122 190
122 193
122 195
122 200
122 201
122 202
122 211
122 219
122 222
122 223
122 225
122 238
122 246
122 250
122 260
122 265
122 266
122 268
122 271
122 280
122 281
122 283
122 291
122 294
122 297
122 298
122 312
122 313
123 128
123 132
123 134
123 141
123 152
123 153
123 169
123 173
123 182
123 200
123 202
123 215
123 231
123 234
123 235
123 240
123 241
123 246
123 248
123 256
123 265
123 277
123 283
123 291
123 294
123 299
123 307
123 314
123 317
124 134
124 143
124 146
124 147
124 149
124 151
124 165
124 170
124 171
124 178
124 187
124 188
124 191
124 192
124 193
124 199
124 203
124 206
124 210
124 222
124 226
124 233
124 236
124 237
124 240
124 241
124 242
124 244
124 246
124 249
124 256
124 271
124 274
124 283
124 284
124 298
124 299
124 304
124 307
124 313
124 314
125 127
125 132
125 134
125 144
125 147
125 150
125 151
125 153
125 157
125 161
125 167
125 169
125 170
125 171
125 172
125 178
125 181
125 182
125 185
125 187
125 189
125 192
125 199
125 208
125 213
125 217
125 222
125 225
125 227
125 236
125 239
125 241
125 244
125 245
125 250
125 251
125 271
125 286
125 294
125 301
125 312
126 127
126 135
126 158
126 159
126 160
126 167
126 172
126 173
126 178
126 179
126 180
126 181
126 182
126 209
126 220
126 221
126 222
126 225
126 234
126 245
126 251
126 254
126 266
126 269
126 270
126 285
126 286
126 291
126 293
126 299
126 302
126 312
126 315
127 129
127 133
127 139
127 141
127 143
127 145
127 150
127 156
127 168
127 170
127 185
127 188
127 197
127 202
127 204
127 207
127 215
127 218
127 227
127 235
127 245
127 249
127 255
127 257
127 274
127 275
127 287
127 288
127 289
127 290
127 295
127 296
127 298
127 300
127 301
127 306
127 309
127 313
127 314
127 316
128 143
128 154
128 155
128 158
128 162
128 164
128 173
128 176
128 186
128 193
128 196
128 198
128 205
128 209
128 210
128 217
128 225
128 240
128 241
128 248
128 254
128 279
128 293
128 294
128 303
128 318
128 319
129 130
129 131
129 139
129 141
129 151
129 156
129 170
129 171
129 172
129 181
129 188
129 198
129 202
129 204
129 206
129 213
129 214
129 218
129 222
129 225
129 227
129 231
129 233
129 234
129 236
129 240
129 241
129 242
129 244
129 247
129 250
129 251
129 255
129 260
129 265
129 270
129 271
129 274
129 276
129 277
129 290
129 296
129 297
129 299
129 300
129 304
129 307
129 309
129 311
129 314
130 132
130 134
130 138
130 142
130 146
130 152
130 153
130 154
130 155
130 162
130 164
130 172
130 176
130 182
130 187
130 188
130 199
130 206
130 207
130 209
130 212
130 216
130 219
130 233
130 234
130 243
130 249
130 252
130 259
130 265
130 266
130 267
130 274
130 283
130 286
130 295
130 296
130 298
130 301
130 311
130 314
130 315
130 316
131 139
131 142
131 148
131 151
131 167
131 171
131 177
131 179
131 180
131 188
131 191
131 199
131 201
131 206
131 217
131 225
131 231
131 238
131 255
131 260
131 270
131 285
131 286
131 292
131 299
131 305
131 309
131 312
131 314
131 315
132 143
132 170
132 179
132 186
132 187
132 189
132 190
132 196
132 199
132 202
132 205
132 207
132 211
132 212
132 213
132 219
132 222
132 231
132 237
132 243
132 245
132 249
132 253
132 255
132 258
132 260
132 261
132 266
132 267
132 269
132 274
132 278
132 282
132 290
132 291
132 292
132 293
132 294
132 300
132 301
132 302
132 319
133 135
133 136
133 139
133 140
133 150
133 155
133 157
133 164
133 179
133 180
133 182
133 185
133 194
133 200
133 205
133 216
133 219
133 220
133 226
133 228
133 233
133 239
133 241
133 242
133 244
133 250
133 257
133 268
133 271
133 277
133 286
133 290
133 300
133 302
133 304
133 305
133 308
133 309
133 311
134 142
134 148
134 152
134 157
134 162
134 165
134 179
134 186
134 187
134 204
134 222
134 228
134 257
134 263
134 268
134 273
134 278
134 291
134 298
134 302
134 304
134 308
134 315
135 145
135 146
135 148
135 150
135 163
135 177
135 179
135 181
135 182
135 188
135 192
135 196
135 199
135 202
135 207
135 209
135 212
135 214
135 219
135 229
135 233
135 235
135 242
135 244
135 245
135 252
135 254
135 256
135 259
135 261
135 266
135 270
135 272
135 273
135 278
135 279
135 286
135 300
135 304
135 310
135 312
135 314
135 318
136 144
136 152
136 162
136 169
136 171
136 175
136 182
136 184
136 186
136 189
136 195
136 199
136 202
136 214
136 215
136 220
136 221
136 223
136 242
136 244
136 248
136 250
136 254
136 260
136 266
136 269
136 272
136 273
136 283
136 299
136 301
136 304
136 305
136 306
136 308
136 309
136 315
136 319
137 145
137 147
137 154
137 155
137 161
137 168
137 172
137 174
137 181
137 182
137 184
137 185
137 189
137 191
137 199
137 204
137 212
137 214
137 220
137 228
137 230
137 240
137 242
137 248
137 249
137 251
137 255
137 262
137 274
137 275
137 292
137 294
137 297
137 298
137 302
137 305
137 309
137 316
137 317
137 319
138 142
138 147
138 151
138 153
138 157
138 165
138 166
138 171
138 180
138 200
138 201
138 203
138 209
138 219
138 222
138 227
138 244
138 251
138 257
138 258
138 259
138 260
138 265
138 267
138 285
138 288
138 289
138 292
138 294
138 295
138 308
138 312
139 143
139 152
139 153
139 159
139 164
139 166
139 170
139 173
139 174
139 176
139 177
139 182
139 183
139 190
139 192
139 193
139 201
139 204
139 206
139 213
139 225
139 228
139 229
139 231
139 240
139 260
139 262
139 285
139 292
139 299
139 300
139 317
139 318
140 142
140 153
140 156
140 177
140 181
140 186
140 187
140 192
140 197
140 201
140 203
140 206
140 209
140 215
140 217
140 219
140 222
140 227
140 229
140 237
140 238
140 239
140 240
140 245
140 257
140 258
140 261
140 264
140 265
140 278
140 279
140 282
140 284
140 285
140 291
140 294
140 299
140 303
140 307
140 308
140 313
141 150
141 151
141 154
141 173
141 175
141 176
141 188
141 191
141 196
141 207
141 210
141 212
141 216
141 222
141 224
141 233
141 238
141 239
141 244
141 264
141 266
141 278
141 280
141 285
141 292
141 294
141 299
141 300
141 301
141 303
141 307
141 309
141 311
141 315
141 316
141 318
142 143
142 147
142 161
142 177
142 179
142 182
142 186
142 188
142 190
142 194
142 199
142 200
142 205
142 207
142 223
142 230
142 232
142 233
142 235
142 236
142 242
142 245
142 250
142 251
142 252
142 256
142 260
142 263
142 264
142 265
142 268
142 273
142 282
142 284
142 285
142 287
142 289
142 290
142 296
142 297
142 304
142 308
142 314
142 316
142 318
143 155
143 160
143 161
143 163
143 172
143 175
143 181
143 185
143 192
143 196
143 200
143 208
143 209
143 210
143 217
143 219
143 225
143 229
143 240
143 244
143 250
143 254
143 268
143 284
143 292
143 307
143 311
143 317
144 145
144 153
144 157
144 161
144 164
144 166
144 169
144 173
144 190
144 197
144 200
144 202
144 206
144 214
144 225
144 228
144 233
144 235
144 238
144 246
144 251
144 254
144 260
144 277
144 278
144 286
144 289
144 293
144 294
144 295
144 304
144 306
144 307
144 309
144 319
145 146
145 150
145 155
145 156
145 160
145 161
145 165
145 187
145 213
145 223
145 224
145 231
145 232
145 234
145 236
145 237
145 239
145 249
145 262
145 269
145 274
145 275
145 285
145 288
145 292
145 294
145 300
145 305
145 308
145 309
145 314
145 316
145 319
146 148
146 156
146 165
146 172
146 175
146 177
146 181
146 185
146 186
146 187
146 188
146 209
146 214
146 219
146 222
146 225
146 232
146 236
146 237
146 242
146 253
146 255
146 281
146 283
146 288
146 290
146 291
146 294
146 298
146 303
146 312
147 148
147 151
147 153
147 154
147 161
147 163
147 168
147 169
147 170
147 172
147 174
147 179
147 184
147 185
147 190
147 199
147 204
147 207
147 209
147 213
147 214
147 225
147 244
147 252
147 257
147 263
147 270
147 280
147 283
147 287
147 289
147 291
147 292
147 294
147 312
147 313
148 149
148 150
148 156
148 158
148 166
148 173
148 175
148 182
148 190
148 193
148 195
148 199
148 200
148 201
148 204
148 207
148 212
148 223
148 225
148 228
148 229
148 238
148 242
148 246
148 249
148 251
148 261
148 262
148 264
148 268
148 273
148 274
148 277
148 280
148 286
148 295
148 299
148 306
148 307
148 308
148 310
148 312
148 317
149 155
149 157
149 160
149 180
149 187
149 188
149 192
149 194
149 196
149 199
149 214
149 222
149 230
149 232
149 233
149 245
149 252
149 253
149 259
149 264
149 275
149 278
149 286
149 289
149 300
149 303
149 305
149 312
149 317
150 152
150 153
150 157
150 158
150 164
150 169
150 170
150 175
150 177
150 178
150 189
150 198
150 199
150 211
150 219
150 234
150 239
150 240
150 248
150 255
150 256
150 264
150 265
150 269
150 273
150 274
150 275
150 276
150 288
150 291
150 300
150 306
150 308
150 310
150 316
150 317
150 318
151 156
151 158
151 159
151 161
151 162
151 168
151 170
151 171
151 173
151 175
151 190
151 192
151 195
151 201
151 208
151 225
151 230
151 249
151 250
151 255
151 261
151 268
151 271
151 273
151 280
151 284
151 300
151 305
151 306
151 310
152 154
152 157
152 161
152 163
152 167
152 171
152 173
152 174
152 179
152 180
152 182
152 188
152 194
152 198
152 199
152 202
152 204
152 214
152 223
152 228
152 229
152 232
152 233
152 235
152 263
152 269
152 271
152 272
152 274
152 277
152 279
152 281
152 283
152 304
152 313
153 154
153 164
153 171
153 172
153 183
153 186
153 187
153 188
153 194
153 204
153 206
153 219
153 221
153 225
153 227
153 239
153 241
153 246
153 264
153 277
153 280
153 289
153 292
153 295
153 306
153 307
153 310
153 312
153 317
154 190
154 195
154 196
154 200
154 205
154 207
154 210
154 223
154 224
154 227
154 230
154 233
154 249
154 250
154 252
154 258
154 259
154 276
154 279
154 284
154 291
154 292
154 300
154 306
154 307
154 309
154 313
154 318
155 160
155 168
155 177
155 182
155 195
155 203
155 209
155 211
155 212
155 217
155 221
155 227
155 229
155 231
155 234
155 236
155 237
155 249
155 250
155 257
155 258
155 264
155 275
155 288
155 292
155 295
155 299
155 301
155 305
156 157
156 158
156 161
156 166
156 167
156 177
156 190
156 193
156 194
156 212
156 214
156 218
156 220
156 229
156 235
156 236
156 242
156 248
156 249
156 252
156 262
156 263
156 272
156 281
156 284
156 286
156 289
156 291
156 300
156 301
156 310
157 161
157 168
157 176
157 193
157 196
157 207
157 210
157 214
157 215
157 216
157 217
157 222
157 227
157 230
157 243
157 247
157 253
157 257
157 260
157 261
157 269
157 280
157 285
157 290
157 310
157 314
158 163
158 170
158 174
158 182
158 198
158 203
158 204
158 207
158 209
158 214
158 216
158 221
158 223
158 224
158 228
158 232
158 234
158 237
158 238
158 271
158 273
158 277
158 284
158 293
158 295
158 296
158 312
158 313
158 319
159 164
159 177
159 178
159 181
159 186
159 188
159 189
159 197
159 205
159 215
159 219
159 221
159 222
159 226
159 228
159 234
159 236
159 238
159 239
159 241
159 247
159 254
159 255
159 258
159 262
159 269
159 271
159 273
159 284
159 287
159 307
159 315
160 164
160 165
160 173
160 180
160 188
160 200
160 201
160 204
160 205
160 207
160 211
160 218
160 228
160 231
160 235
160 237
160 244
160 249
160 253
160 254
160 256
160 257
160 264
160 281
160 282
160 305
160 306
160 315
160 317
160 318
161 170
161 173
161 182
161 186
161 187
161 189
161 190
161 194
161 201
161 202
161 208
161 216
161 227
161 239
161 245
161 248
161 257
161 263
161 265
161 267
161 270
161 276
161 279
161 283
161 285
161 298
161 306
161 308
161 313
161 314
162 166
162 168
162 173
162 175
162 180
162 184
162 187
162 195
162 200
162 209
162 212
162 217
162 221
162 230
162 235
162 239
162 242
162 246
162 247
162 250
162 253
162 254
162 256
162 268
162 271
162 272
162 275
162 277
162 278
162 282
162 288
162 292
162 297
162 304
162 311
162 313
162 316
162 319
163 168
163 173
163 174
163 178
163 186
163 189
163 192
163 200
163 202
163 205
163 220
163 222
163 230
163 232
163 233
163 236
163 240
163 241
163 245
163 249
163 268
163 271
163 278
163 279
163 280
163 290
163 292
163 294
163 297
163 309
163 311
164 167
164 168
164 174
164 179
164 187
164 192
164 194
164 212
164 217
164 221
164 238
164 239
164 245
164 252
164 256
164 257
164 267
164 269
164 286
164 291
164 298
164 304
164 305
164 311
165 169
165 175
165 177
165 181
165 190
165 192
165 201
165 202
165 203
165 211
165 215
165 223
165 224
165 226
165 230
165 232
165 233
165 237
165 252
165 256
165 260
165 261
165 263
165 277
165 291
165 301
165 303
165 306
165 310
165 312
165 313
166 172
166 176
166 179
166 180
166 184
166 193
166 195
166 200
166 201
166 207
166 211
166 214
166 216
166 235
166 237
166 239
166 241
166 246
166 262
166 263
166 289
166 291
166 296
166 300
166 302
166 303
166 305
166 308
166 310
166 311
166 316
167 181
167 195
167 202
167 209
167 211
167 214
167 219
167 224
167 227
167 235
167 236
167 242
167 243
167 258
167 264
167 276
167 280
167 283
167 285
167 292
167 294
167 296
168 192
168 197
168 198
168 203
168 205
168 206
168 207
168 213
168 218
168 220
168 221
168 225
168 226
168 229
168 243
168 254
168 260
168 264
168 275
168 284
168 285
168 286
168 292
168 295
168 298
168 300
168 301
168 304
168 306
168 312
168 318
169 181
169 184
169 185
169 190
169 198
169 203
169 208
169 211
169 213
169 215
169 216
169 245
169 246
169 255
169 259
169 261
169 263
169 272
169 275
169 276
169 277
169 279
169 286
169 292
169 294
169 296
169 301
169 306
169 308
169 310
169 311
169 315
170 180
170 188
170 194
170 200
170 201
170 202
170 203
170 208
170 213
170 216
170 218
170 223
170 228
170 232
170 237
170 241
170 255
170 267
170 272
170 277
170 288
170 292
170 298
170 300
170 301
170 306
170 307
170 319
171 173
171 186
171 189
171 190
171 198
171 200
171 205
171 208
171 214
171 217
171 223
171 230
171 233
171 235
171 236
171 237
171 238
171 265
171 273
171 282
171 283
171 284
171 286
171 290
171 292
171 297
171 308
171 309
171 311
172 189
172 207
172 223
172 226
172 232
172 233
172 238
172 241
172 243
172 252
172 260
172 261
172 262
172 265
172 266
172 278
172 281
172 283
172 295
172 296
172 297
172 303
172 304
172 305
172 314
172 315
173 175
173 180
173 181
173 206
173 209
173 210
173 211
173 213
173 217
173 239
173 242
173 244
173 246
173 261
173 267
173 276
173 279
173 285
173 295
173 296
173 306
173 307
173 308
174 176
174 177
174 178
174 184
174 189
174 195
174 202
174 209
174 214
174 228
174 231
174 238
174 243
174 244
174 247
174 256
174 268
174 270
174 271
174 272
174 275
174 278
174 280
174 283
174 286
174 287
174 301
174 308
174 310
174 313
174 315
175 179
175 181
175 185
175 192
175 193
175 195
175 204
175 224
175 225
175 230
175 232
175 239
175 240
175 243
175 246
175 247
175 252
175 256
175 262
175 264
175 268
175 269
175 270
175 279
175 283
175 284
175 285
175 287
175 306
175 310
176 179
176 180
176 183
176 184
176 189
176 194
176 197
176 202
176 215
176 223
176 224
176 229
176 231
176 232
176 236
176 239
176 240
176 245
176 247
176 251
176 252
176 260
176 265
176 266
176 269
176 283
176 294
176 301
176 306
176 313
176 316
176 317
177 181
177 191
177 195
177 201
177 202
177 203
177 204
177 213
177 229
177 231
177 237
177 240
177 242
177 259
177 281
177 282
177 289
177 290
177 294
177 300
177 306
177 307
177 311
177 314
177 317
177 318
178 180
178 186
178 187
178 196
178 207
178 208
178 209
178 211
178 215
178 218
178 224
178 234
178 235
178 262
178 264
178 275
178 277
178 282
178 285
178 286
178 287
178 288
178 295
178 308
178 314
178 316
178 318
179 181
179 190
179 193
179 208
179 211
179 215
179 218
179 220
179 227
179 228
179 235
179 241
179 242
179 255
179 256
179 263
179 276
179 279
179 282
179 284
179 286
179 289
179 294
179 295
179 303
179 309
179 311
179 312
179 313
179 314
179 316
179 317
180 182
180 191
180 200
180 204
180 208
180 210
180 212
180 219
180 227
180 235
180 244
180 270
180 277
180 282
180 283
180 285
180 290
180 301
180 303
180 307
180 309
181 184
181 194
181 195
181 198
181 208
181 213
181 218
181 219
181 228
181 229
181 231
181 237
181 240
181 246
181 249
181 254
181 266
181 268
181 274
181 299
181 306
181 310
181 313
181 315
181 316
181 319
182 184
182 210
182 211
182 220
182 226
182 228
182 235
182 245
182 248
182 258
182 260
182 263
182 269
182 275
182 283
182 288
182 290
182 292
182 293
182 297
182 298
182 302
182 311
182 316
182 319
183 186
183 188
183 195
183 203
183 209
183 213
183 216
183 222
183 223
183 240
183 241
183 243
183 244
183 245
183 246
183 258
183 262
183 263
183 274
183 277
183 283
183 288
183 297
183 303
183 307
183 315
183 316
184 188
184 189
184 193
184 204
184 219
184 223
184 224
184 242
184 255
184 269
184 281
184 282
184 284
184 291
184 298
184 299
184 307
184 308
185 190
185 198
185 207
185 212
185 213
185 222
185 224
185 230
185 233
185 251
185 271
185 275
185 276
185 279
185 281
185 285
185 289
185 309
185 313
185 316
185 318
186 192
186 193
186 204
186 208
186 215
186 219
186 238
186 246
186 254
186 255
186 257
186 261
186 262
186 267
186 268
186 275
186 276
186 277
186 284
186 293
186 296
186 316
187 193
187 202
187 203
187 207
187 211
187 212
187 216
187 233
187 243
187 245
187 246
187 248
187 255
187 277
187 279
187 284
187 292
187 310
187 314
187 316
187 317
187 319
188 196
188 199
188 204
188 205
188 208
188 211
188 213
188 218
188 219
188 223
188 226
188 240
188 255
188 263
188 268
188 271
188 275
188 276
188 282
188 283
188 290
188 291
188 297
188 299
188 300
188 302
188 303
188 304
188 305
188 316
189 191
189 193
189 199
189 201
189 216
189 218
189 220
189 221
189 223
189 226
189 232
189 235
189 238
189 241
189 249
189 254
189 256
189 267
189 268
189 273
189 279
189 282
189 283
189 287
189 288
189 293
189 300
189 312
189 314
189 316
190 192
190 194
190 204
190 206
190 210
190 212
190 229
190 230
190 233
190 234
190 251
190 254
190 255
190 267
190 273
190 278
190 283
190 294
190 306
190 312
191 194
191 204
191 208
191 209
191 210
191 211
191 212
191 218
191 225
191 228
191 229
191 231
191 250
191 256
191 259
191 262
191 263
191 274
191 275
191 278
191 282
191 286
191 289
191 292
191 298
191 299
191 303
191 305
191 308
191 309
191 312
191 314
191 315
192 195
192 204
192 209
192 210
192 212
192 213
192 214
192 217
192 219
192 221
192 222
192 223
192 231
192 236
192 237
192 239
192 242
192 246
192 253
192 257
192 266
192 270
192 271
192 273
192 285
192 289
192 290
192 294
192 295
192 296
192 300
192 302
192 303
192 305
192 312
192 314
192 315
192 317
193 205
193 209
193 214
193 215
193 221
193 222
193 225
193 228
193 231
193 245
193 262
193 265
193 272
193 276
193 278
193 289
193 291
193 296
193 297
193 298
193 300
193 307
193 314
193 318
194 196
194 197
194 199
194 205
194 207
194 210
194 214
194 215
194 220
194 227
194 251
194 265
194 266
194 274
194 277
194 279
194 280
194 282
194 286
194 292
194 297
194 308
194 309
194 311
195 203
195 210
195 212
195 219
195 221
195 226
195 229
195 237
195 242
195 243
195 244
195 245
195 246
195 254
195 270
195 275
195 279
195 285
195 289
195 290
195 291
195 292
195 293
195 295
195 297
195 308
195 311
195 313
195 319
196 211
196 213
196 217
196 218
196 223
196 225
196 226
196 235
196 247
196 250
196 252
196 264
196 275
196 279
196 289
196 290
196 292
196 297
197 204
197 205
197 213
197 221
197 222
197 234
197 244
197 246
197 248
197 261
197 267
197 290
197 293
197 298
197 299
197 307
197 319
198 199
198 211
198 213
198 217
198 218
198 219
198 220
198 224
198 227
198 231
198 237
198 240
198 248
198 253
198 255
198 259
198 261
198 262
198 263
198 264
198 266
198 275
198 276
198 282
198 289
198 297
198 303
198 305
198 306
198 309
198 315
199 200
199 202
199 207
199 210
199 211
199 220
199 228
199 232
199 245
199 246
199 253
199 258
199 264
199 266
199 269
199 270
199 272
199 275
199 282
199 284
199 293
199 298
199 303
199 304
199 307
199 311
199 315
199 316
200 203
200 208
200 213
200 214
200 216
200 218
200 223
200 225
200 227
200 228
200 230
200 232
200 238
200 240
200 241
200 245
200 250
200 251
200 253
200 255
200 268
200 276
200 283
200 293
200 296
200 300
200 301
200 302
200 308
200 312
200 318
201 214
201 238
201 239
201 243
201 245
201 247
201 254
201 255
201 262
201 274
201 276
201 281
201 283
201 296
201 300
201 315
202 209
202 210
202 213
202 220
202 224
202 231
202 233
202 241
202 249
202 261
202 277
202 283
202 284
202 290
202 293
202 294
202 298
202 301
202 313
202 314
203 208
203 216
203 217
203 220
203 224
203 228
203 232
203 235
203 239
203 241
203 245
203 253
203 257
203 295
203 302
203 311
203 314
203 318
203 319
204 206
204 209
204 220
204 221
204 223
204 224
204 232
204 234
204 240
204 253
204 254
204 256
204 261
204 265
204 276
204 281
204 293
204 297
204 302
204 319
205 207
205 220
205 224
205 228
205 229
205 236
205 238
205 244
205 247
205 255
205 267
205 275
205 280
205 289
205 290
205 292
205 295
205 298
205 301
205 306
205 314
205 316
206 209
206 214
206 218
206 222
206 225
206 229
206 230
206 234
206 236
206 239
206 240
206 242
206 247
206 250
206 251
206 252
206 253
206 255
206 256
206 262
206 265
206 272
206 276
206 280
206 283
206 285
206 294
206 295
206 298
206 299
206 313
206 319
207 217
207 220
207 230
207 246
207 247
207 250
207 262
207 266
207 287
207 291
207 297
207 307
207 309
207 310
207 311
207 314
207 316
208 209
208 211
208 218
208 221
208 224
208 234
208 238
208 241
208 243
208 254
208 259
208 262
208 264
208 270
208 271
208 272
208 273
208 277
208 279
208 284
208 287
208 292
208 297
208 307
208 308
208 309
208 312
208 316
209 210
209 214
209 220
209 234
209 237
209 242
209 247
209 249
209 251
209 260
209 266
209 269
209 272
209 276
209 277
209 279
209 291
209 297
209 301
209 308
209 312
210 213
210 214
210 222
210 225
210 226
210 231
210 238
210 251
210 254
210 267
210 268
210 274
210 279
210 280
210 282
210 284
210 292
210 300
210 304
210 312
210 316
211 213
211 223
211 228
211 229
211 231
211 233
211 247
211 253
211 255
211 263
211 267
211 268
211 269
211 286
211 292
211 296
211 298
211 300
211 305
211 310
211 313
211 314
212 213
212 215
212 216
212 231
212 249
212 258
212 270
212 275
212 278
212 301
212 305
212 316
212 317
213 221
213 222
213 235
213 247
213 251
213 253
213 259
213 260
213 261
213 264
213 275
213 276
213 291
213 296
213 302
213 316
214 215
214 230
214 231
214 232
214 233
214 236
214 244
214 246
214 247
214 253
214 260
214 271
214 274
214 282
214 292
214 293
214 294
214 297
214 300
214 301
214 314
214 316
214 317
214 319
215 227
215 229
215 230
215 233
215 234
215 236
215 237
215 239
215 240
215 245
215 246
215 253
215 261
215 270
215 273
215 283
215 290
215 294
215 298
215 306
215 309
215 315
215 317
216 217
216 219
216 227
216 244
216 254
216 255
216 260
216 271
216 276
216 281
216 282
216 283
216 286
216 290
216 296
216 299
216 302
216 303
216 305
216 309
216 311
217 223
217 226
217 230
217 242
217 247
217 251
217 253
217 264
217 267
217 271
217 281
217 289
217 293
217 294
217 297
217 299
217 308
217 313
218 219
218 220
218 227
218 232
218 248
218 250
218 258
218 266
218 268
218 283
218 286
218 295
218 298
218 301
218 310
218 311
218 318
219 222
219 224
219 225
219 229
219 234
219 236
219 239
219 243
219 254
219 256
219 257
219 260
219 275
219 279
219 280
219 281
219 293
219 295
219 296
219 297
219 302
219 307
219 314
219 318
220 225
220 226
220 227
220 231
220 234
220 239
220 242
220 245
220 246
220 249
220 252
220 255
220 260
220 261
220 265
220 270
220 272
220 275
220 293
220 295
220 303
220 306
220 309
220 316
221 228
221 232
221 238
221 240
221 249
221 261
221 262
221 263
221 264
221 268
221 275
221 276
221 285
221 287
221 289
221 291
221 292
221 298
221 301
221 305
221 306
221 309
221 311
221 317
221 319
222 230
222 236
222 244
222 245
222 247
222 249
222 251
222 254
222 260
222 261
222 264
222 268
222 272
222 286
222 288
222 294
222 297
222 300
222 307
222 312
222 314
223 224
223 225
223 234
223 245
223 261
223 269
223 272
223 278
223 279
223 294
223 296
223 300
223 305
223 311
223 318
223 319
224 227
224 231
224 245
224 251
224 252
224 262
224 264
224 269
224 273
224 276
224 281
224 283
224 289
224 290
224 295
224 296
224 300
224 302
224 306
224 307
224 315
225 230
225 233
225 236
225 240
225 247
225 253
225 258
225 259
225 264
225 265
225 266
225 275
225 276
225 279
225 281
225 285
225 295
225 300
225 308
226 227
226 229
226 235
226 237
226 243
226 245
226 247
226 250
226 253
226 261
226 262
226 263
226 266
226 269
226 273
226 274
226 278
226 279
226 280
226 283
226 299
226 301
226 307
227 243
227 245
227 249
227 252
227 255
227 260
227 263
227 268
227 275
227 284
227 292
227 293
227 296
227 304
227 307
227 308
227 311
227 314
227 316
227 317
227 319
228 232
228 242
228 243
228 250
228 254
228 255
228 267
228 268
228 269
228 270
228 276
228 283
228 291
228 296
228 298
228 300
228 307
228 309
228 310
229 230
229 243
229 246
229 254
229 260
229 265
229 269
229 270
229 276
229 284
229 286
229 287
229 289
229 290
229 292
229 295
229 297
229 298
229 304
229 313
229 318
230 231
230 232
230 249
230 258
230 261
230 265
230 267
230 273
230 274
230 279
230 290
230 292
230 312
230 317
231 250
231 253
231 254
231 264
231 266
231 273
231 276
231 283
231 288
231 289
231 293
231 296
231 297
231 306
231 314
231 317
232 234
232 248
232 260
232 271
232 272
232 277
232 285
232 287
232 288
232 294
232 296
232 298
232 300
232 303
232 305
232 314
232 318
233 237
233 238
233 241
233 246
233 247
233 255
233 256
233 257
233 259
233 273
233 274
233 283
233 289
233 292
233 303
233 309
233 311
233 316
233 319
234 235
234 240
234 241
234 252
234 253
234 264
234 265
234 284
234 288
234 301
234 305
234 306
234 311
235 241
235 243
235 246
235 249
235 252
235 255
235 261
235 265
235 269
235 280
235 283
235 289
235 297
235 299
235 300
235 301
235 314
236 238
236 240
236 243
236 244
236 247
236 251
236 253
236 255
236 256
236 258
236 264
236 265
236 268
236 270
236 283
236 285
236 295
236 308
237 243
237 250
237 275
237 277
237 291
237 294
238 242
238 252
238 258
238 263
238 269
238 279
238 286
238 290
238 300
238 302
238 307
238 308
238 315
239 247
239 252
239 257
239 264
239 266
239 278
239 287
239 293
239 294
239 295
239 296
239 297
239 300
239 301
239 314
240 246
240 252
240 259
240 261
240 263
240 264
240 267
240 270
240 274
240 278
240 283
240 292
240 302
240 303
240 305
240 311
240 312
240 313
240 315
240 317
240 319
241 243
241 247
241 249
241 255
241 264
241 265
241 276
241 285
241 307
241 313
241 317
242 243
242 250
242 264
242 288
242 290
242 291
242 296
242 298
242 313
242 314
243 247
243 250
243 255
243 260
243 271
243 275
243 276
243 279
243 281
243 284
243 289
243 290
243 295
243 297
243 302
243 305
243 306
243 308
243 311
243 313
244 247
244 253
244 258
244 266
244 268
244 269
244 277
244 284
244 287
244 291
244 293
244 295
244 296
244 313
244 316
245 252
245 255
245 257
245 268
245 271
245 273
245 278
245 279
245 280
245 285
245 291
245 302
245 307
245 313
245 315
246 249
246 256
246 257
246 258
246 259
246 260
246 270
246 271
246 292
246 303
246 305
246 310
246 315
246 317
247 253
247 262
247 273
247 278
247 280
247 284
247 290
247 295
247 304
247 306
247 314
247 317
248 249
248 252
248 255
248 259
248 264
248 266
248 269
248 270
248 273
248 277
248 278
248 280
248 289
248 293
248 298
248 300
248 304
248 316
248 318
248 319
249 262
249 275
249 282
249 284
249 285
249 304
249 306
249 311
249 314
249 316
249 318
250 253
250 257
250 259
250 261
250 278
250 285
250 295
250 304
250 311
250 318
251 261
251 263
251 265
251 280
251 282
251 284
251 287
251 290
251 296
251 297
251 304
251 305
251 309
251 310
252 258
252 264
252 269
252 275
252 278
252 280
252 282
252 285
252 286
252 296
252 297
252 303
252 306
252 311
252 317
253 254
253 262
253 271
253 279
253 281
253 288
253 291
253 294
253 296
253 297
253 302
253 303
253 306
253 312
253 317
253 319
254 257
254 263
254 279
254 296
254 298
254 304
254 307
254 310
254 314
254 316
255 262
255 266
255 274
255 278
255 288
255 294
255 295
255 299
255 313
255 316
256 260
256 263
256 270
256 272
256 273
256 279
256 280
256 282
256 289
256 292
256 293
256 296
256 301
256 312
256 314
256 316
256 318
256 319
257 263
257 266
257 276
257 290
257 294
257 297
257 302
257 310
258 264
258 266
258 269
258 270
258 273
258 275
258 279
258 283
258 285
258 287
258 293
258 296
258 299
258 301
258 307
258 313
259 262
259 278
259 279
259 285
259 288
259 303
259 305
259 307
259 309
259 312
259 319
260 262
260 272
260 279
260 285
260 295
260 297
260 298
260 302
260 308
260 315
261 262
261 276
261 286
261 299
261 300
261 307
261 315
262 272
262 274
262 276
262 282
262 283
262 289
262 291
262 293
262 296
262 300
262 303
262 305
262 307
262 310
262 314
262 318
263 268
263 270
263 271
263 274
263 275
263 276
263 280
263 282
263 294
263 300
263 308
263 309
263 313
263 318
264 268
264 269
264 273
264 277
264 285
264 290
264 292
264 293
264 294
264 306
264 317
264 318
265 266
265 267
265 269
265 271
265 272
265 275
265 287
265 290
265 298
265 301
265 302
265 303
265 309
265 319
266 273
266 274
266 276
266 280
266 292
266 297
266 300
266 302
266 303
266 304
266 311
266 313
266 314
266 317
266 318
267 272
267 281
267 285
267 286
267 294
267 295
267 296
267 299
267 301
267 304
267 308
267 309
267 317
268 278
268 279
268 281
268 283
268 284
268 285
268 288
268 289
268 298
268 303
268 309
268 315
269 274
269 279
269 293
269 295
269 302
269 308
269 319
270 275
270 278
270 291
270 293
270 297
270 300
270 305
270 308
270 315
270 317
271 275
271 282
271 286
271 289
271 291
271 292
271 293
271 300
271 301
272 273
272 290
272 293
272 301
272 308
272 310
272 317
273 275
273 276
273 282
273 284
273 293
273 295
273 297
273 306
273 311
274 276
274 285
274 287
274 292
274 294
274 299
274 301
274 311
274 314
275 278
275 282
275 285
275 296
275 297
275 301
275 307
275 308
275 312
275 316
275 319
276 279
276 283
276 294
276 300
276 304
276 309
276 316
276 317
277 285
277 289
277 300
277 303
277 304
277 305
277 306
277 307
277 310
277 313
277 317
278 296
278 298
278 301
278 305
278 306
278 317
278 318
279 284
279 285
279 288
279 294
279 307
279 308
279 309
279 311
279 312
279 314
279 315
280 301
280 302
280 306
280 310
280 311
280 313
280 315
280 318
281 285
281 287
281 293
281 294
281 300
281 303
281 306
281 317
282 302
282 304
283 299
283 307
283 315
283 319
284 287
284 288
284 298
284 308
284 310
285 286
285 287
285 291
285 299
285 311
285 314
286 288
286 302
286 305
286 310
286 311
287 289
287 297
287 299
287 300
287 301
287 314
287 316
287 317
288 292
288 294
288 304
288 307
288 311
288 315
289 293
289 296
289 303
289 304
289 308
290 292
290 293
290 298
290 302
290 303
291 302
291 303
291 304
291 310
291 314
291 319
292 294
292 304
292 307
292 309
292 316
292 317
293 295
293 299
293 301
293 304
293 306
293 312
293 313
293 317
293 318
294 295
294 296
294 306
294 307
294 309
294 310
294 311
294 313
294 318
295 297
295 300
295 301
295 306
295 312
295 318
296 297
296 298
296 305
296 307
296 317
296 319
297 312
298 313
298 315
299 303
299 314
299 317
299 319
300 301
300 309
300 310
300 311
300 317
300 318
300 319
301 303
301 304
301 308
302 310
302 315
302 318
303 316
303 318
304 306
305 308
307 314
308 312
308 318
309 310
310 313
310 314
311 313
311 317
312 316
313 314
313 315
313 316
313 319
314 318
314 319
318 319
