320 1845
0 49
0 50
0 58
0 82
0 126
0 128
0 164
0 188
0 205
0 209
0 253
1 46
1 61
1 78
1 80
1 245
1 263
2 7
2 9
2 19
2 26
2 36
2 42
2 89
2 121
2 161
2 163
2 183
2 198
2 209
2 258
2 319
3 55
3 127
3 174
3 226
3 257
3 284
3 313
4 113
4 144
4 183
4 185
4 191
4 264
4 279
4 307
5 19
5 28
5 53
5 58
5 100
5 125
5 150
5 155
5 207
5 228
5 245
5 258
5 261
6 114
6 146
6 149
6 170
6 213
6 267
6 297
7 47
7 60
7 112
7 139
7 168
7 176
7 192
7 207
7 268
7 294
8 124
8 127
8 136
8 153
8 309
9 103
9 106
9 149
9 155
9 185
9 187
9 239
9 251
10 57
10 83
10 115
10 203
10 209
10 228
10 245
10 258
10 290
11 26
11 30
11 57
11 72
11 90
11 119
11 157
11 176
11 192
11 206
11 208
11 214
11 258
11 267
11 304
11 319
12 17
12 40
12 46
12 249
12 257
12 289
12 292
12 295
13 127
13 129
13 188
13 193
13 197
13 207
13 209
13 251
13 300
13 319
14 28
14 78
14 101
14 109
14 118
14 123
14 124
14 172
14 181
14 188
14 190
14 198
14 210
14 227
14 260
14 299
15 20
15 22
15 52
15 71
15 78
15 80
15 203
16 35
16 80
16 118
16 137
16 186
16 306
16 315
17 69
17 77
17 99
17 132
17 134
17 153
17 196
17 203
17 237
17 263
17 264
17 293
18 56
18 62
18 83
18 101
18 106
18 130
18 167
18 176
18 264
19 42
19 44
19 52
19 104
19 106
19 110
19 122
19 237
19 243
19 269
19 281
19 293
20 22
20 40
20 51
20 91
20 111
20 124
20 195
20 228
20 310
20 318
21 100
21 123
21 193
21 250
21 280
21 295
21 298
22 36
22 68
22 84
22 95
22 118
22 124
22 131
22 145
22 191
22 226
22 232
22 238
22 244
22 257
22 279
23 33
23 65
23 80
23 102
23 103
23 147
23 215
23 233
23 250
24 103
24 150
24 170
24 181
24 215
24 232
24 246
24 317
25 37
25 46
25 63
25 202
25 222
25 225
25 236
25 258
25 277
26 105
26 118
26 122
26 124
26 182
26 247
26 259
26 305
27 32
27 40
27 62
27 98
27 138
27 147
27 167
27 172
27 193
27 220
27 237
27 244
27 263
27 264
27 274
27 277
27 290
28 63
28 107
28 112
28 119
28 132
28 141
28 146
28 151
28 197
28 227
28 233
28 306
28 314
29 32
29 36
29 54
29 112
29 152
29 166
29 187
29 217
29 258
29 264
29 278
29 279
29 285
29 291
30 48
30 51
30 57
30 76
30 94
30 126
30 127
30 178
30 217
30 231
30 249
30 270
30 272
30 280
30 304
31 53
31 60
31 70
31 81
31 97
31 123
31 138
31 152
31 237
31 249
31 264
31 276
31 277
31 280
31 311
32 53
32 61
32 93
32 99
32 114
32 117
32 137
32 145
32 197
32 229
32 237
32 277
33 90
33 116
33 153
33 170
33 190
33 213
33 218
33 249
33 259
34 64
34 66
34 112
34 150
34 199
35 57
35 94
35 175
35 197
35 249
35 257
35 276
35 302
36 56
36 79
36 127
36 156
36 197
36 220
36 247
36 307
37 38
37 43
37 70
37 95
37 98
37 111
37 119
37 160
37 164
37 198
37 218
37 287
38 40
38 59
38 66
38 73
38 112
38 125
38 128
38 156
38 229
38 239
38 276
38 294
38 310
38 314
39 43
39 47
39 79
39 125
39 288
39 289
39 297
39 313
39 316
40 105
40 137
40 141
40 198
40 315
41 58
41 66
41 80
41 92
41 191
41 230
41 233
41 264
41 279
42 90
42 101
42 116
42 174
42 196
42 198
42 215
42 227
42 241
42 243
42 312
43 84
43 108
43 123
43 148
43 242
43 253
43 257
43 274
43 282
43 287
43 296
44 49
44 62
44 100
44 134
44 188
44 195
44 220
44 274
44 281
44 290
44 298
44 314
45 63
45 65
45 151
45 158
45 161
45 173
45 180
45 215
45 221
45 233
45 255
46 159
46 200
46 232
46 317
47 55
47 61
47 67
47 79
47 87
47 95
47 120
47 140
47 203
48 84
48 85
48 130
48 194
48 211
48 213
48 225
48 254
48 256
48 287
48 297
48 310
49 71
49 95
49 153
49 214
49 247
49 303
50 72
50 108
50 167
50 229
50 230
50 235
50 241
51 57
51 78
51 112
51 144
51 145
51 160
51 163
51 178
51 239
52 138
52 158
52 164
52 176
52 182
52 186
52 209
52 215
52 216
52 244
52 253
52 263
52 317
53 90
53 108
53 109
53 151
53 236
53 257
53 268
54 78
54 122
54 184
54 192
54 193
54 201
54 250
54 251
54 268
55 56
55 91
55 102
55 128
55 195
55 218
55 235
55 245
55 305
56 59
56 70
56 118
56 175
56 191
56 234
56 242
56 257
56 266
57 79
57 107
57 118
57 158
57 299
57 316
58 65
58 92
58 144
58 191
58 195
58 216
58 218
58 224
58 274
58 309
59 94
59 98
59 127
59 141
59 159
59 193
59 207
59 227
59 302
60 99
60 110
60 137
60 160
60 193
61 62
61 69
61 82
61 94
61 133
61 149
61 173
61 187
61 225
61 243
61 288
62 65
62 86
62 99
62 101
62 135
62 235
62 237
62 297
62 316
62 317
63 160
63 164
63 221
63 231
63 242
63 253
63 258
64 99
64 100
64 165
64 173
64 192
64 222
64 297
64 317
65 96
65 137
65 147
65 181
65 250
65 316
65 319
66 156
66 169
66 244
66 262
66 274
66 295
67 70
67 81
67 113
67 138
67 140
67 163
67 181
67 193
67 272
68 70
68 112
68 141
68 207
68 235
68 256
68 273
68 287
68 304
68 305
68 308
69 71
69 149
69 164
69 178
69 185
69 220
69 266
69 271
69 292
69 296
69 297
69 303
70 102
70 203
70 210
70 249
70 280
70 310
71 84
71 109
71 221
71 247
71 262
71 266
71 281
71 304
71 318
72 79
72 105
72 154
72 165
72 249
72 275
72 287
72 294
72 313
73 82
73 93
73 128
73 152
73 194
73 201
73 238
73 248
73 309
74 81
74 82
74 98
74 105
74 156
74 159
74 162
74 197
74 224
74 249
74 255
74 288
74 314
75 76
75 94
75 159
75 193
75 197
75 209
75 232
75 278
75 317
76 114
76 131
76 215
76 226
76 227
76 239
76 244
76 267
76 284
76 313
77 135
77 142
77 149
77 168
77 186
77 256
77 287
78 89
78 132
78 167
78 263
78 269
78 290
78 313
79 85
79 132
79 143
79 189
79 276
79 281
79 304
79 316
80 87
80 131
80 137
80 174
80 196
80 226
80 278
80 285
81 156
81 259
81 310
82 86
82 102
82 122
82 132
82 184
82 186
82 201
82 281
82 318
83 95
83 109
83 136
83 162
83 181
83 187
83 190
83 219
83 222
83 257
83 285
83 297
84 142
84 155
84 168
84 185
84 229
84 231
84 237
85 94
85 139
85 140
85 159
85 184
85 197
85 198
85 240
85 293
85 315
86 96
86 97
86 109
86 161
86 171
86 206
86 211
86 225
86 267
86 301
87 105
87 106
87 205
87 238
87 241
87 273
87 274
88 122
88 128
88 134
88 135
88 225
88 227
88 230
88 237
88 311
89 119
89 121
89 123
89 159
89 171
90 94
90 100
90 132
90 232
90 277
90 291
91 96
91 119
91 139
91 214
91 250
91 272
92 155
92 178
92 207
92 210
92 268
93 147
93 159
93 166
93 171
93 198
93 226
93 231
93 262
93 289
93 295
93 299
94 100
94 118
94 138
94 145
94 153
94 161
94 207
94 212
94 312
95 130
95 134
95 204
95 206
95 237
95 263
95 270
95 278
96 102
96 159
96 217
96 237
96 247
96 269
96 286
96 301
97 103
97 138
97 145
97 154
97 208
97 215
97 264
97 297
97 305
97 308
97 311
98 143
98 144
98 279
98 293
98 294
98 301
98 308
99 100
99 176
99 177
99 186
99 243
99 269
100 122
100 168
100 178
100 208
100 230
100 244
100 249
100 278
100 303
100 316
101 103
101 281
101 285
101 292
102 132
102 181
102 211
102 221
102 269
102 275
102 295
102 318
103 111
103 150
103 156
103 230
103 241
103 308
104 106
104 117
104 120
104 121
104 136
104 149
104 174
104 196
104 222
104 247
104 259
104 271
104 281
105 146
105 197
105 291
105 295
106 114
106 116
106 123
106 175
106 226
106 258
106 299
107 122
107 186
107 189
107 273
107 296
108 119
108 177
108 241
108 308
109 121
109 132
109 197
109 199
109 201
109 210
109 216
109 232
109 268
109 300
109 303
110 142
110 146
110 170
110 177
110 193
110 200
110 219
110 228
110 260
111 150
111 173
111 184
111 200
111 229
111 282
112 126
112 138
112 160
112 181
112 191
112 213
112 246
112 251
112 265
112 303
112 315
113 123
113 180
113 200
113 216
113 253
113 260
113 291
113 304
114 154
114 160
114 169
114 196
114 215
114 235
114 262
114 287
115 130
115 135
115 245
115 276
115 314
116 161
116 166
116 168
116 171
116 175
116 176
116 223
116 269
116 277
116 286
117 119
117 122
117 123
117 180
117 183
117 250
117 252
117 254
117 262
117 271
117 296
117 302
117 309
118 125
118 153
118 180
118 184
118 186
118 190
118 234
118 245
118 260
118 270
118 298
119 138
119 230
119 283
119 292
119 313
120 146
120 162
120 193
120 229
120 239
120 253
120 259
120 262
120 307
121 148
121 162
121 183
121 242
121 245
121 268
122 147
122 172
122 187
122 193
122 207
122 230
122 234
122 246
122 290
122 302
122 310
122 312
123 133
123 150
123 193
123 219
123 250
123 262
124 187
124 207
124 233
124 240
124 292
125 148
125 154
125 273
126 127
126 145
126 177
126 228
126 238
126 260
126 264
127 161
127 162
127 183
127 232
127 305
128 156
128 192
128 311
129 161
129 172
129 205
129 251
129 307
129 309
129 315
130 150
130 206
130 239
130 254
130 296
130 299
131 134
131 152
131 169
131 251
131 260
131 264
131 273
131 294
131 296
131 309
132 141
132 183
132 186
132 218
132 238
132 264
132 319
133 141
133 161
133 191
133 211
133 215
133 233
133 254
133 280
133 286
133 289
133 290
133 297
133 298
134 178
134 186
134 201
134 233
134 263
134 274
134 309
134 319
135 139
135 153
135 194
135 300
135 319
136 242
136 258
136 288
136 304
137 147
137 177
137 181
137 231
137 247
137 258
137 275
137 289
137 291
137 310
138 164
138 203
138 243
138 248
138 299
138 302
138 319
139 141
139 163
139 221
139 232
139 248
139 278
139 291
140 183
140 191
140 211
140 215
140 230
140 241
140 272
140 295
140 306
141 187
141 195
141 251
141 254
141 284
141 308
141 315
142 175
142 200
142 209
142 256
142 287
143 206
143 209
143 215
143 239
143 251
143 284
143 313
144 156
144 176
144 193
144 215
144 219
144 254
144 270
144 272
145 177
145 193
145 195
145 215
145 232
145 291
145 309
146 158
146 160
146 163
146 173
146 175
146 204
146 224
146 234
146 255
146 301
146 311
146 314
147 158
147 212
147 230
147 235
147 271
147 313
147 317
147 318
148 154
148 177
148 179
148 186
148 189
148 192
148 233
148 241
148 266
149 162
149 167
149 198
149 231
149 238
149 259
149 282
149 284
150 156
150 170
150 189
150 244
150 248
150 283
151 178
151 187
151 197
151 237
151 297
151 314
152 194
152 222
152 230
152 242
152 266
152 280
152 307
152 319
153 195
153 199
153 230
153 236
153 246
153 253
153 269
153 286
153 287
154 164
154 184
154 211
154 247
154 253
154 274
154 281
154 311
155 156
155 171
155 234
155 250
155 269
155 281
156 185
156 187
156 221
156 244
156 257
156 266
157 178
157 201
157 248
157 256
157 272
157 317
158 163
158 195
158 197
158 211
158 291
159 165
159 171
159 173
159 182
159 206
159 246
159 267
159 274
159 296
159 304
160 166
160 205
160 259
160 262
160 275
160 281
160 310
160 312
161 162
161 243
161 286
162 164
162 167
162 186
162 221
162 222
162 229
162 231
162 236
162 299
163 165
163 186
163 242
163 315
164 173
164 177
164 216
164 233
164 244
164 259
164 303
164 312
165 180
165 196
165 202
165 249
165 291
165 317
165 318
165 319
166 171
166 177
166 205
166 254
166 258
167 208
167 282
167 299
168 205
168 223
168 261
168 279
168 303
169 209
169 234
169 245
169 307
169 317
170 182
170 186
170 188
170 200
170 229
170 246
170 254
170 280
170 285
171 190
171 201
171 212
171 228
171 280
171 289
172 201
172 233
172 261
172 280
173 189
173 207
173 212
173 225
173 228
173 265
173 271
173 316
174 237
174 239
174 243
174 304
175 207
175 218
175 225
175 250
175 262
175 314
176 215
176 282
176 295
176 305
176 309
177 191
177 204
177 206
177 245
177 251
178 187
178 201
178 234
178 281
178 292
178 300
179 245
179 248
179 301
180 250
181 205
181 214
181 255
181 258
181 273
181 298
181 303
182 187
182 193
182 204
182 243
182 258
182 272
182 277
182 305
182 316
182 317
183 230
183 243
183 245
183 277
183 283
183 295
183 304
184 218
184 226
184 270
184 278
185 210
185 222
185 224
185 246
185 278
185 281
185 287
185 319
186 199
186 206
186 249
186 251
186 270
186 279
186 296
187 211
187 258
187 259
187 270
187 308
188 217
188 230
188 232
188 233
188 257
188 270
188 286
188 297
188 309
189 194
189 236
189 253
189 275
189 303
190 224
190 240
190 243
190 277
191 237
191 244
191 245
191 304
192 234
192 238
192 243
192 282
192 297
193 194
193 213
193 223
193 283
194 258
194 282
194 283
194 294
194 318
195 255
195 301
196 208
196 215
196 220
196 231
196 265
196 279
197 211
197 248
197 293
197 302
198 214
198 218
198 310
199 230
199 244
199 245
199 264
199 271
199 282
199 291
199 314
200 213
200 217
200 228
200 261
200 304
201 230
201 272
201 281
201 298
201 301
201 309
202 217
202 233
202 281
203 209
203 214
203 234
203 283
203 310
204 208
204 218
204 223
204 244
204 275
204 276
204 282
204 307
204 312
204 316
205 211
205 224
206 255
206 272
206 298
207 213
207 274
208 217
208 224
208 245
208 263
208 278
208 285
208 297
208 299
209 211
209 219
209 258
209 261
209 303
210 253
210 274
210 309
211 214
211 218
211 223
211 299
212 276
212 317
212 318
213 228
214 247
214 269
214 278
215 276
215 287
217 238
217 244
217 258
217 267
217 285
217 294
217 300
217 303
218 221
218 233
219 224
219 228
219 270
219 286
219 288
220 227
220 257
220 266
220 272
220 311
221 222
221 243
221 247
221 253
221 278
222 234
222 260
222 263
222 289
222 314
223 233
223 264
224 226
224 235
224 293
224 294
225 254
225 292
225 298
226 230
226 295
227 240
227 287
228 250
228 301
229 268
229 286
229 303
230 248
230 281
230 285
231 293
232 259
232 272
232 291
232 297
232 308
233 234
233 251
233 257
233 270
233 295
234 239
234 240
234 288
235 257
235 306
235 311
236 243
236 284
236 285
236 311
238 255
238 275
238 278
238 298
239 289
239 297
239 300
240 251
240 296
240 309
240 312
241 279
241 284
241 302
241 308
242 275
242 281
243 279
244 245
244 274
244 304
245 266
245 306
246 264
246 282
246 298
246 308
247 301
248 273
248 300
248 314
250 256
250 260
250 264
250 286
250 291
250 296
250 303
251 257
251 275
251 284
251 300
252 262
252 268
252 318
253 272
254 285
254 319
255 272
255 306
256 269
256 288
258 263
258 279
258 284
258 309
259 279
260 295
261 262
261 270
261 304
261 313
262 308
263 285
263 288
263 298
265 301
266 284
266 291
267 304
268 280
268 293
268 301
269 294
269 298
269 299
269 318
270 287
271 309
271 312
274 287
275 278
275 314
276 299
276 307
277 301
277 306
278 318
279 283
279 288
279 301
282 310
282 318
283 285
283 316
285 289
285 295
285 308
286 287
286 292
286 315
287 300
287 312
290 297
292 318
292 319
293 298
294 310
295 303
295 309
296 303
297 312
297 314
300 309
300 313
302 304
304 309
