640	4135
1 42 208
1 102 199
1 153 196
1 168 197
1 262 204
1 291 201
1 311 191
1 313 196
1 395 195
1 445 197
1 452 201
1 543 210
1 596 201
2 25 200
2 29 189
2 120 209
2 171 204
2 262 206
2 322 206
2 331 198
2 382 195
2 387 194
2 445 198
2 478 194
2 525 199
2 536 190
2 614 208
2 638 203
3 11 209
3 72 202
3 85 200
3 136 200
3 185 203
3 387 199
3 390 207
3 471 202
4 89 196
4 169 198
4 214 193
4 246 203
4 253 197
4 257 202
4 272 187
4 289 191
4 321 206
4 325 190
4 442 205
4 595 202
4 596 195
5 129 202
5 236 195
5 269 194
5 280 208
5 408 198
5 444 197
5 452 197
5 499 195
6 111 207
6 123 200
6 277 201
6 367 203
6 390 210
6 393 199
6 537 205
6 606 196
7 25 199
7 68 199
7 153 197
7 166 201
7 307 195
7 401 205
7 433 191
7 468 194
7 575 200
7 627 189
8 80 205
8 115 204
8 138 211
8 180 190
8 182 189
8 246 196
8 275 208
8 317 195
8 327 197
8 339 203
8 365 199
8 383 200
8 415 202
8 519 212
8 525 203
8 586 196
8 624 197
9 63 192
9 105 201
9 180 194
9 255 197
9 305 203
9 345 211
9 430 210
10 129 99
10 145 104
10 151 101
10 230 102
10 270 97
10 322 97
10 481 107
10 494 93
10 568 101
10 589 103
11 18 100
11 52 103
11 173 95
11 238 104
11 301 103
11 350 99
11 394 99
11 443 100
11 561 103
11 583 105
12 49 106
12 57 101
12 69 101
12 89 105
12 231 106
12 275 102
12 294 104
12 316 92
12 486 97
12 508 103
12 603 98
13 34 98
13 48 102
13 66 98
13 72 100
13 178 104
13 182 99
13 233 96
13 262 103
13 302 104
13 327 101
13 358 94
13 364 91
13 393 107
13 401 95
13 464 99
13 500 95
13 553 99
13 556 98
13 631 101
14 45 92
14 88 101
14 126 105
14 135 97
14 136 96
14 157 94
14 202 101
14 385 94
14 523 96
15 29 102
15 48 108
15 76 101
15 122 104
15 123 99
15 134 101
15 166 96
15 188 98
15 263 98
15 341 92
15 357 97
15 400 99
15 427 95
15 553 91
15 579 104
15 609 103
16 70 105
16 76 92
16 82 101
16 87 101
16 169 102
16 176 106
16 304 104
16 315 89
16 441 87
16 482 98
16 502 102
16 520 94
16 559 98
16 623 98
17 51 103
17 288 105
17 295 93
17 383 99
17 405 105
17 427 93
17 513 103
17 557 97
17 600 101
17 619 104
17 632 100
18 45 97
18 78 103
18 103 95
18 155 105
18 164 94
18 206 95
18 216 93
18 286 102
18 349 104
18 360 98
18 377 96
18 384 99
18 389 84
18 416 111
18 454 98
18 462 94
18 481 97
18 525 107
18 545 103
18 554 102
18 566 105
18 582 100
18 621 101
18 622 94
19 149 87
19 157 105
19 161 104
19 285 96
19 355 102
19 395 91
19 410 103
19 416 103
19 439 100
19 508 100
19 513 110
19 610 92
20 23 94
20 26 101
20 39 110
20 94 97
20 95 99
20 115 104
20 276 99
20 366 102
20 367 95
20 383 105
20 479 98
20 482 99
21 30 95
21 31 104
21 179 109
21 202 99
21 221 95
21 265 100
21 300 91
21 455 101
21 465 100
21 469 106
21 474 100
21 490 96
21 561 86
21 562 99
21 585 102
21 616 96
22 45 96
22 142 93
22 179 95
22 277 101
22 292 108
22 336 101
22 370 100
22 422 104
22 432 101
22 559 94
22 616 98
22 628 96
23 51 105
23 109 98
23 165 92
23 280 107
23 296 102
23 297 95
23 474 92
23 486 100
23 498 97
23 534 100
23 547 98
23 558 94
23 569 102
23 572 96
23 614 91
23 633 97
24 53 92
24 58 99
24 76 93
24 134 96
24 227 104
24 327 98
24 470 97
24 509 91
24 537 106
24 538 92
24 572 98
25 40 110
25 103 100
25 110 87
25 142 93
25 298 98
25 371 102
25 433 95
25 434 99
25 489 93
25 584 99
26 50 98
26 54 90
26 72 102
26 97 96
26 183 107
26 237 95
26 239 96
26 400 100
26 403 100
26 461 101
26 488 105
26 508 96
26 509 89
26 541 96
27 95 100
27 101 104
27 217 99
27 293 97
27 427 94
27 434 99
27 499 97
27 513 102
27 586 111
27 598 97
27 616 94
28 45 103
28 55 98
28 63 102
28 138 109
28 192 107
28 268 114
28 301 108
28 317 96
28 335 96
28 408 105
28 531 99
28 563 100
28 580 104
28 582 105
29 98 91
29 192 91
29 219 104
29 264 95
29 369 93
29 426 101
29 428 100
29 447 97
29 581 107
29 587 93
29 596 100
30 59 103
30 218 97
30 258 101
30 263 94
30 284 90
30 297 98
30 332 107
30 397 100
30 411 108
30 412 91
30 449 105
30 459 105
30 555 97
30 621 91
31 52 93
31 58 103
31 116 101
31 132 100
31 192 102
31 207 107
31 234 105
31 307 100
31 395 97
31 420 90
31 484 95
31 615 99
31 639 104
32 113 105
32 117 103
32 134 96
32 171 99
32 186 99
32 236 95
32 284 98
32 324 89
32 369 105
32 409 103
32 554 105
32 577 104
32 585 107
33 40 99
33 79 98
33 90 97
33 157 97
33 167 100
33 196 98
33 272 83
33 311 100
33 329 98
33 552 95
33 603 107
34 127 103
34 241 105
34 285 104
34 343 101
34 351 104
34 396 88
34 468 93
34 480 90
34 534 96
34 590 103
35 84 99
35 121 97
35 175 98
35 231 98
35 271 97
35 518 103
35 533 101
35 606 97
36 45 104
36 109 98
36 264 100
36 294 105
36 298 91
36 299 107
36 397 98
36 400 103
37 42 90
37 191 107
37 280 104
37 300 96
37 338 100
37 368 103
37 405 104
37 430 95
37 448 102
37 475 95
37 509 105
37 519 107
37 555 104
37 596 97
37 621 103
38 111 97
38 170 96
38 171 100
38 238 97
38 282 92
38 329 98
38 347 102
38 375 90
38 426 105
38 448 97
38 465 101
38 607 94
38 615 103
39 50 91
39 149 104
39 180 98
39 225 96
39 240 98
39 397 97
39 441 90
40 49 99
40 157 93
40 199 103
40 235 96
40 242 97
40 252 105
40 365 105
40 396 99
40 432 102
40 473 97
40 480 96
40 516 103
40 627 106
40 632 95
41 65 95
41 100 104
41 202 109
41 228 99
41 382 94
41 392 106
41 418 109
41 419 96
41 434 108
41 437 99
41 479 98
41 508 102
41 509 104
41 538 91
41 591 93
42 75 104
42 115 101
42 383 103
42 387 111
42 454 104
42 461 101
42 521 102
42 535 96
42 585 104
42 611 100
42 630 96
42 639 94
43 81 102
43 171 97
43 231 102
43 276 99
43 285 98
43 292 97
43 343 96
43 374 111
43 385 101
43 432 87
43 476 104
43 543 99
43 544 101
43 574 108
43 591 95
44 113 104
44 143 105
44 198 98
44 234 94
44 237 105
44 244 86
44 268 97
44 275 100
44 313 101
44 330 95
44 339 98
44 394 101
44 432 89
44 449 93
44 519 98
44 611 95
44 635 106
45 78 104
45 173 104
45 282 104
45 374 101
45 412 96
45 436 92
45 519 101
45 577 102
45 616 93
46 54 103
46 60 100
46 84 103
46 165 107
46 204 103
46 240 107
46 298 97
46 343 100
46 406 98
46 439 97
46 448 102
46 454 100
46 487 100
46 501 94
46 510 96
46 523 94
47 77 100
47 115 101
47 204 97
47 285 102
47 379 102
47 402 96
47 562 93
47 636 99
48 118 99
48 204 97
48 278 96
48 307 97
48 332 108
48 421 98
48 628 100
49 92 97
49 184 98
49 186 101
49 212 98
49 221 101
49 337 105
49 349 94
49 386 99
49 406 100
49 464 103
49 507 96
49 515 98
49 625 98
50 58 96
50 173 97
50 255 93
50 290 99
50 360 100
50 456 99
50 495 104
50 516 107
50 537 97
50 554 101
50 610 102
51 124 94
51 175 100
51 215 95
51 220 102
51 231 96
51 290 94
51 308 96
51 316 105
51 407 97
51 457 99
51 480 95
51 516 105
51 597 109
52 84 103
52 91 100
52 108 100
52 193 90
52 214 110
52 273 106
52 296 99
52 298 92
52 372 99
52 401 108
52 451 100
52 489 93
52 565 94
52 566 100
52 597 95
52 619 95
53 63 97
53 75 93
53 100 100
53 127 106
53 209 103
53 233 97
53 611 98
54 151 99
54 184 98
54 305 102
54 380 94
54 413 97
54 475 109
54 612 104
55 66 96
55 87 93
55 103 101
55 205 113
55 223 95
55 254 102
55 352 108
55 380 104
55 399 98
55 424 91
55 471 98
55 555 96
55 565 90
55 580 111
55 614 95
55 632 104
56 81 99
56 270 95
56 524 103
56 595 96
56 632 93
57 220 93
57 228 99
57 278 106
57 321 111
57 331 90
57 333 97
57 368 102
57 431 105
57 483 100
57 490 97
57 511 98
57 527 95
57 541 99
57 590 95
58 74 91
58 91 93
58 131 100
58 135 102
58 138 97
58 203 91
58 279 101
58 298 91
58 327 94
58 356 112
58 372 94
58 387 96
58 420 102
58 470 102
58 490 102
58 573 107
58 590 100
58 630 101
59 97 85
59 120 89
59 157 103
59 245 94
59 255 103
59 260 94
59 303 84
59 311 100
59 395 104
59 398 96
59 422 99
59 466 103
59 489 97
59 517 104
59 543 104
59 560 95
59 570 96
59 587 107
59 613 98
60 82 104
60 165 95
60 224 100
60 263 104
60 383 95
60 574 106
60 634 101
61 68 91
61 110 103
61 142 101
61 171 99
61 178 101
61 291 96
61 330 103
61 333 97
61 351 108
61 372 100
61 399 98
61 421 99
61 431 105
61 435 108
61 470 97
61 496 95
61 498 94
61 510 92
61 536 96
61 550 93
61 558 102
62 92 95
62 107 109
62 230 100
62 267 96
62 318 104
62 326 100
62 428 99
62 456 97
62 484 94
62 514 97
62 542 102
62 569 91
63 349 103
63 380 103
63 466 101
63 557 103
63 579 100
63 595 102
64 72 95
64 82 108
64 111 102
64 130 95
64 231 100
64 379 95
64 420 97
64 501 91
64 505 104
64 539 103
64 585 100
64 586 98
65 72 95
65 100 95
65 116 100
65 239 102
65 281 100
65 319 100
65 355 90
65 387 89
65 635 95
66 114 109
66 135 96
66 141 98
66 313 96
66 342 99
66 392 96
66 395 99
66 473 100
66 510 102
66 517 102
66 544 109
66 613 104
67 68 108
67 155 101
67 179 97
67 351 95
67 353 100
67 385 87
67 398 94
67 423 98
67 430 97
67 465 105
67 482 102
67 505 101
67 537 89
67 557 95
67 612 100
68 136 99
68 151 101
68 166 107
68 172 103
68 180 95
68 205 101
68 231 90
68 242 100
68 260 99
68 278 99
68 403 100
68 425 97
68 455 104
68 465 97
68 517 102
68 555 98
68 583 94
68 632 86
69 162 97
69 212 102
69 218 97
69 272 102
69 275 104
69 348 104
69 410 104
69 464 108
69 632 98
70 79 91
70 89 103
70 131 103
70 177 95
70 203 97
70 213 96
70 259 104
70 320 105
70 370 103
70 477 96
70 478 99
70 521 98
70 591 100
71 177 102
71 180 98
71 215 101
71 358 106
71 388 102
71 410 102
71 475 102
71 504 106
71 581 98
71 608 100
71 634 97
72 83 101
72 112 103
72 120 90
72 203 110
72 213 94
72 222 99
72 290 97
72 295 99
72 303 106
72 314 94
72 409 94
72 435 103
72 507 98
72 524 104
73 107 107
73 221 94
73 258 96
73 282 100
73 300 108
73 359 96
73 416 95
73 528 96
74 89 99
74 113 98
74 162 99
74 168 102
74 218 93
74 220 100
74 237 102
74 259 107
74 270 99
74 275 93
74 362 99
74 372 105
74 431 101
74 435 94
74 445 94
74 527 92
74 592 90
74 597 105
75 128 102
75 130 93
75 180 96
75 188 105
75 204 96
75 305 106
75 382 97
75 395 103
75 437 92
75 446 98
75 453 104
75 460 98
75 482 90
75 494 91
75 609 102
75 613 96
75 637 99
76 143 99
76 174 94
76 196 95
76 242 109
76 287 97
76 335 98
76 347 98
76 479 100
76 484 94
77 82 89
77 258 102
77 260 95
77 279 101
77 304 102
77 305 96
77 393 100
77 406 101
77 487 102
77 501 99
77 524 102
78 133 102
78 164 99
78 211 101
78 266 105
78 283 97
78 288 102
78 309 89
78 502 98
78 569 104
78 583 104
78 614 100
78 625 99
79 139 96
79 150 97
79 155 101
79 186 96
79 228 112
79 254 94
79 264 97
79 289 92
79 373 105
79 404 106
79 413 101
79 506 97
79 520 105
79 568 98
79 581 100
79 603 93
79 604 89
79 628 107
79 633 104
80 84 101
80 95 99
80 304 99
80 315 100
80 331 103
80 333 99
80 472 97
80 489 99
80 502 104
80 551 101
80 599 106
80 620 102
80 625 89
80 636 108
81 87 94
81 96 94
81 121 100
81 128 102
81 143 107
81 205 100
81 263 95
81 306 96
81 328 100
81 558 100
81 576 92
82 83 95
82 132 102
82 137 102
82 139 102
82 140 102
82 208 100
82 211 101
82 293 99
82 298 105
82 308 96
82 488 102
82 512 97
82 529 95
82 572 105
82 588 107
83 117 99
83 136 89
83 199 98
83 250 112
83 295 98
83 417 92
83 429 92
83 441 107
83 495 102
83 543 97
83 583 94
83 589 96
83 634 103
84 92 101
84 123 103
84 258 106
84 295 98
84 370 98
84 423 98
84 539 101
84 546 104
84 628 93
84 629 96
85 219 100
85 247 100
85 318 94
85 325 104
85 350 98
85 355 101
85 360 94
85 367 98
85 417 104
85 423 102
85 451 96
85 501 100
85 502 104
85 523 97
85 525 99
85 576 98
85 596 92
86 105 95
86 131 100
86 186 99
86 246 101
86 254 97
86 350 103
86 388 104
86 436 94
86 442 100
86 465 96
86 505 95
87 89 101
87 119 106
87 192 97
87 223 91
87 230 110
87 241 109
87 355 97
87 376 98
87 396 111
87 398 100
87 406 96
87 429 100
87 462 106
87 473 99
87 479 105
87 627 97
88 105 97
88 142 109
88 178 100
88 208 107
88 220 102
88 260 100
88 336 110
88 348 94
88 370 95
88 417 98
88 422 94
88 448 98
88 543 104
88 619 94
88 633 104
89 116 99
89 154 105
89 220 97
89 230 97
89 236 100
89 250 97
89 259 105
89 282 104
89 529 92
89 568 97
89 613 101
90 91 99
90 175 94
90 224 105
90 440 102
90 510 103
90 540 97
90 599 98
90 614 93
91 111 103
91 186 90
91 232 100
91 286 99
91 311 96
91 327 96
91 349 96
91 373 98
91 397 108
91 416 98
91 469 103
91 478 94
91 547 108
91 595 95
91 597 109
92 103 95
92 154 94
92 209 109
92 227 98
92 249 100
92 263 103
92 300 97
92 386 108
92 555 96
92 568 105
92 591 100
93 111 95
93 172 97
93 257 96
93 276 100
93 438 102
93 489 109
93 496 103
93 618 102
94 100 105
94 205 104
94 221 90
94 312 108
94 365 103
94 394 96
94 407 99
94 438 111
94 441 95
94 447 107
94 487 102
95 138 106
95 146 108
95 197 97
95 217 107
95 238 97
95 259 94
95 308 93
95 316 100
95 367 104
95 425 97
95 515 101
95 524 100
95 529 102
95 633 110
95 634 103
96 175 98
96 260 85
96 304 99
96 316 105
96 508 95
96 533 97
96 543 94
96 557 110
96 582 99
97 106 102
97 129 101
97 185 98
97 187 97
97 192 87
97 237 98
97 262 104
97 268 91
97 288 107
97 323 102
97 346 107
97 373 106
97 421 94
97 427 93
97 477 94
97 552 102
97 611 108
98 152 95
98 160 97
98 168 100
98 170 103
98 247 92
98 282 104
98 302 113
98 373 99
98 426 96
98 442 93
98 476 99
98 483 102
98 486 100
98 532 104
98 543 95
98 552 94
99 115 105
99 176 104
99 248 101
99 274 100
99 287 101
99 312 98
99 392 98
99 412 99
99 546 91
99 561 97
99 630 98
100 142 95
100 163 102
100 175 100
100 194 99
100 209 101
100 224 98
100 230 104
100 258 97
100 330 99
100 404 101
100 536 95
100 565 87
100 566 100
100 586 101
101 137 107
101 240 94
101 248 104
101 275 102
101 283 98
101 338 103
101 395 100
101 428 106
101 450 96
101 502 99
101 614 92
101 627 104
101 639 100
102 138 107
102 199 95
102 344 101
102 428 103
102 550 97
102 583 98
103 133 84
103 150 99
103 218 105
103 219 108
103 249 96
103 274 97
103 279 99
103 327 105
103 334 94
103 358 97
103 429 112
103 460 105
103 599 95
103 621 111
104 176 103
104 194 99
104 258 105
104 277 102
104 284 100
104 356 95
104 368 102
104 410 99
104 414 97
104 444 97
104 447 92
104 458 96
104 608 97
104 624 97
105 147 95
105 239 107
105 268 98
105 286 98
105 309 103
105 341 100
105 383 99
105 391 101
105 404 104
105 518 95
105 598 99
106 125 95
106 126 96
106 162 98
106 193 100
106 204 98
106 292 95
106 294 98
106 413 92
106 494 103
106 518 93
106 537 109
106 551 98
106 553 94
106 559 101
106 568 94
106 634 97
107 139 98
107 148 90
107 250 97
107 261 102
107 344 99
107 380 97
107 439 104
107 474 95
107 484 106
107 516 102
107 539 90
108 144 102
108 184 96
108 187 105
108 197 98
108 281 102
108 313 95
108 325 103
108 389 94
108 400 105
108 410 104
108 413 98
108 464 105
108 556 96
108 620 102
109 129 108
109 444 97
109 451 97
109 454 98
109 492 97
109 582 105
109 591 113
109 603 107
110 111 98
110 245 102
110 397 104
110 398 94
110 409 102
110 467 107
110 504 95
110 558 94
110 575 95
110 581 100
110 604 93
110 605 98
111 115 102
111 152 97
111 198 94
111 264 99
111 273 104
111 302 100
111 328 91
111 335 107
111 453 108
111 457 96
111 471 97
111 525 99
111 624 113
112 125 94
112 202 103
112 263 96
112 269 101
112 298 98
112 340 98
112 355 94
112 383 104
112 423 108
112 576 96
112 623 87
113 116 98
113 211 97
113 243 101
113 346 110
113 432 101
113 463 97
113 611 97
114 163 94
114 249 95
114 279 101
114 286 104
114 343 101
114 377 105
114 398 102
114 436 106
114 487 90
114 515 92
114 546 103
114 561 96
114 610 109
115 204 92
115 250 106
115 269 109
115 296 106
115 335 98
115 336 103
115 404 99
115 438 102
115 528 106
115 557 90
115 599 100
115 600 102
116 150 94
116 194 98
116 301 107
116 363 98
117 140 98
117 166 97
117 203 106
117 284 100
117 329 91
117 373 100
117 376 103
117 421 103
117 439 91
118 213 102
118 318 103
118 319 98
118 396 100
118 423 96
118 588 110
119 197 90
119 206 98
119 211 101
119 214 105
119 230 97
119 235 98
119 269 104
119 361 97
119 424 98
119 427 103
119 448 93
119 464 98
119 489 100
119 529 94
119 568 97
119 570 97
120 146 111
120 235 101
120 369 100
120 418 98
120 530 101
120 601 109
120 618 93
121 145 93
121 153 88
121 180 98
121 245 92
121 286 92
121 447 98
121 472 92
121 473 93
121 489 91
121 491 105
121 501 102
121 505 97
121 553 100
122 140 93
122 156 103
122 162 97
122 407 106
122 428 107
122 514 102
122 549 92
122 603 95
123 158 101
123 169 110
123 234 111
123 350 94
123 405 103
123 435 95
123 483 102
123 496 103
123 537 96
124 233 108
124 264 93
124 285 104
124 305 103
124 490 107
124 516 109
124 530 96
124 583 97
125 131 100
125 134 95
125 262 98
125 309 87
125 357 97
125 372 91
125 434 91
125 503 106
125 520 98
126 130 107
126 246 91
126 294 101
126 328 97
126 342 99
126 348 98
126 374 90
126 488 103
126 492 104
126 498 104
126 550 95
126 561 99
126 587 98
126 592 97
126 598 91
127 133 95
127 245 107
127 278 100
127 330 104
127 401 103
127 437 98
127 478 103
127 593 103
127 601 92
128 288 91
128 373 100
128 412 98
128 538 98
128 544 94
128 545 105
128 564 100
129 179 107
129 182 92
129 183 103
129 210 101
129 334 102
129 350 98
129 407 92
129 427 103
129 451 106
129 453 99
129 602 92
129 624 96
130 169 104
130 175 104
130 195 99
130 196 103
130 222 106
130 293 96
130 314 97
130 338 98
130 339 96
130 367 104
130 458 109
130 492 88
130 601 99
131 153 95
131 172 94
131 193 99
131 201 96
131 203 101
131 231 100
131 326 98
131 371 95
131 495 95
131 567 104
131 577 90
131 587 104
132 175 101
132 179 94
132 180 102
132 286 104
132 296 95
132 345 97
132 467 101
132 495 97
132 527 107
132 560 114
133 139 102
133 143 97
133 175 104
133 252 108
133 334 96
133 463 101
133 491 99
133 563 102
133 566 107
134 196 104
134 213 98
134 236 88
134 259 101
134 343 97
134 475 104
134 517 97
134 525 98
134 542 98
135 151 102
135 164 105
135 175 104
135 235 114
135 263 101
135 301 102
135 361 102
135 491 105
136 174 106
136 326 93
136 412 100
136 474 106
136 514 104
136 543 96
137 187 99
137 191 98
137 197 102
137 205 96
137 218 108
137 266 95
137 307 88
137 328 103
137 485 96
137 580 93
138 141 92
138 160 98
138 266 95
138 329 96
138 385 97
138 432 95
138 437 97
138 483 97
138 558 93
138 619 95
139 146 98
139 148 96
139 163 88
139 193 97
139 229 93
139 279 96
139 423 101
139 514 105
139 563 96
139 592 106
140 378 108
140 425 92
140 555 100
140 572 106
140 626 96
141 173 99
141 241 96
141 248 96
141 288 96
141 355 108
141 480 92
141 497 102
141 597 97
141 598 94
142 231 102
142 251 88
142 299 102
142 418 103
142 438 106
142 451 98
142 473 100
142 481 106
142 486 90
142 519 100
142 594 111
142 608 103
143 145 102
143 201 104
143 217 99
143 276 98
143 305 104
143 402 101
143 569 99
143 571 96
143 619 103
144 224 117
144 228 100
144 253 107
144 259 97
144 261 97
144 276 99
144 327 107
144 337 108
144 352 90
144 395 94
144 525 100
144 574 91
144 609 95
144 631 107
145 151 102
145 233 102
145 280 94
145 292 100
145 295 91
145 298 96
145 319 99
145 346 99
145 349 104
145 367 94
145 368 104
145 437 109
145 578 93
145 582 104
146 177 103
146 183 94
146 195 97
146 208 89
146 231 99
146 334 98
146 341 98
146 357 100
146 360 99
146 387 110
146 423 88
146 432 101
146 451 96
146 604 96
146 620 95
147 156 93
147 346 99
147 352 100
147 389 104
147 461 94
147 491 94
147 580 98
147 583 102
148 226 98
148 233 104
148 262 98
148 314 96
148 358 104
148 407 103
148 429 106
148 438 106
148 480 106
148 525 110
148 564 99
148 567 105
148 574 96
148 599 104
149 187 101
149 300 107
149 315 92
149 326 93
149 364 94
149 396 99
149 494 99
149 579 100
149 586 108
149 591 96
149 636 100
150 154 95
150 183 97
150 297 101
150 305 98
150 320 106
150 326 103
150 335 93
150 500 109
150 553 92
150 589 100
150 598 95
150 609 95
151 164 97
151 268 99
151 352 92
151 393 100
151 427 99
151 472 100
151 551 100
151 611 91
152 184 95
152 244 96
152 317 101
152 322 109
152 344 93
152 367 104
152 430 104
152 467 105
152 484 106
152 595 94
152 639 107
153 210 106
153 248 96
153 275 95
153 336 97
153 610 102
154 158 101
154 170 95
154 185 96
154 320 105
154 328 108
154 372 98
154 428 105
154 430 102
154 465 104
154 484 99
154 501 91
154 582 91
155 174 96
155 228 98
155 249 99
155 276 109
155 291 104
155 429 101
155 457 102
155 544 95
155 562 101
155 607 93
155 621 98
155 622 92
155 629 100
156 160 101
156 204 104
156 250 96
156 335 100
156 397 104
156 422 103
157 209 100
157 237 104
157 253 101
157 286 107
157 339 99
157 411 101
157 541 99
157 605 104
157 618 104
157 620 98
158 187 105
158 266 100
158 271 102
158 301 99
158 320 97
158 322 98
158 332 91
158 365 104
158 441 102
158 459 100
158 541 103
158 547 105
158 594 93
158 597 90
158 609 95
158 615 104
159 171 100
159 319 100
159 340 105
159 389 90
159 413 97
159 533 94
159 599 103
159 600 97
160 166 100
160 177 100
160 259 102
160 311 101
160 334 107
160 375 95
160 382 94
160 422 102
160 473 116
160 634 92
161 245 96
161 281 103
161 306 94
161 320 104
161 387 102
161 440 95
161 471 100
161 487 107
161 494 105
161 496 99
162 279 94
162 354 93
162 371 103
162 504 96
162 510 100
162 542 99
162 554 99
162 610 98
163 214 96
163 573 97
163 614 102
163 627 103
164 170 107
164 210 105
164 252 96
164 351 103
164 400 102
164 589 91
164 594 97
165 193 98
165 239 97
165 256 92
165 262 96
165 344 92
165 355 95
165 379 89
165 400 101
165 414 98
165 438 92
165 461 105
165 481 98
165 509 105
165 543 94
165 639 99
165 640 93
166 179 99
166 367 99
166 382 91
166 404 96
166 499 95
166 517 108
166 617 102
167 205 101
167 299 104
167 337 97
167 373 96
167 419 97
167 491 106
167 545 105
167 563 103
167 574 107
167 618 103
167 633 94
168 266 108
168 323 104
168 331 95
168 348 103
168 359 98
168 445 93
168 552 98
168 568 99
169 203 89
169 237 101
169 302 102
169 322 101
169 359 101
169 370 106
169 392 96
169 409 98
169 517 94
170 251 88
170 311 98
170 337 99
170 350 100
170 435 95
170 457 96
170 545 107
170 614 91
170 616 102
171 180 100
171 226 99
171 267 98
171 294 96
171 460 94
171 618 99
171 623 104
172 241 101
172 364 100
172 377 101
172 448 97
172 480 104
172 588 91
173 342 101
173 412 104
173 422 103
173 440 113
173 441 92
173 501 104
173 516 89
173 520 90
173 533 99
173 562 96
173 634 91
173 640 93
174 343 99
174 395 106
174 424 100
174 474 102
174 563 99
174 582 96
174 594 93
174 608 89
175 262 98
175 298 90
175 308 93
175 319 86
175 526 88
175 538 96
175 554 97
175 585 97
176 269 100
176 274 103
176 330 94
176 401 92
176 403 104
176 436 94
176 447 96
176 459 96
176 627 104
177 216 105
177 255 103
177 265 112
177 299 93
177 356 92
177 357 102
177 358 102
177 406 110
177 445 105
177 447 93
177 452 91
177 471 100
177 531 97
177 554 100
177 606 100
178 189 102
178 257 100
178 427 105
178 596 110
178 608 102
179 273 97
179 368 96
179 534 110
179 566 95
179 567 99
179 593 98
179 605 101
180 191 104
180 193 102
180 234 105
180 304 107
180 322 96
180 429 96
180 543 103
180 544 102
180 552 105
180 614 108
181 284 100
181 296 103
181 339 99
181 359 104
181 404 101
181 465 96
181 621 108
181 633 100
181 640 108
182 234 98
182 309 100
182 322 98
182 340 103
182 342 106
182 364 102
182 387 103
182 390 105
182 400 99
182 435 101
182 446 99
182 453 94
182 460 103
182 461 94
182 464 103
182 492 99
182 554 91
182 624 103
183 216 98
183 242 96
183 265 104
183 469 95
183 516 108
183 538 101
183 545 97
183 555 98
183 576 104
183 593 94
183 605 101
183 609 96
184 219 99
184 228 95
184 229 99
184 257 96
184 314 106
184 321 105
184 338 91
184 402 99
184 438 92
184 491 106
184 613 106
185 251 104
185 256 101
185 300 94
185 333 96
185 395 99
185 471 103
185 478 96
185 489 102
185 601 92
185 620 99
185 629 102
186 208 100
186 232 93
186 302 100
186 305 103
186 336 96
186 353 99
186 372 96
186 375 106
186 391 101
186 418 108
186 562 98
186 581 92
186 615 103
187 290 101
187 297 93
187 353 104
187 377 93
187 454 98
187 522 99
187 571 92
187 612 106
188 210 89
188 251 93
188 349 97
188 411 107
188 452 107
188 477 91
188 502 98
188 532 96
188 598 112
189 220 104
189 296 98
189 310 109
189 365 101
189 386 96
189 395 107
189 487 100
189 535 93
189 570 107
189 612 100
190 347 101
190 469 107
190 481 96
191 205 98
191 258 105
191 348 97
191 350 109
191 434 99
191 497 107
191 542 101
191 561 101
191 575 102
191 582 103
191 611 109
191 635 96
192 280 101
192 298 101
192 339 106
192 347 93
192 349 101
192 358 100
192 439 110
192 465 98
192 494 103
192 517 106
192 550 101
193 222 94
193 331 95
193 364 103
193 403 100
193 468 102
193 515 97
193 629 106
194 231 89
194 245 109
194 278 94
194 425 102
194 516 106
195 212 103
195 270 96
195 312 105
195 368 93
195 409 100
195 501 105
195 554 106
195 564 99
196 287 102
196 293 105
196 319 106
196 346 97
196 357 95
196 366 87
196 402 107
196 446 104
196 523 93
196 543 93
197 281 93
197 340 94
197 364 100
197 481 103
197 495 103
197 561 94
197 588 108
198 241 95
198 274 103
198 335 95
198 342 103
198 370 97
198 371 100
198 516 101
198 525 101
198 631 102
199 277 91
199 304 95
199 396 92
199 401 101
199 419 109
199 468 97
199 541 99
199 605 104
200 216 97
200 229 96
200 236 99
200 239 99
200 268 107
200 289 100
200 321 96
200 542 102
200 564 91
200 596 101
200 624 105
200 636 91
201 244 93
201 272 101
201 282 100
201 384 102
201 423 93
201 425 95
201 489 99
201 611 94
201 635 104
202 320 91
202 351 94
202 421 95
202 440 97
202 465 105
202 471 101
202 537 94
203 226 98
203 262 90
203 359 104
203 363 102
203 365 106
203 391 110
203 458 91
203 470 104
203 475 92
203 621 97
203 625 93
204 255 100
204 493 97
204 543 106
204 568 108
204 607 102
205 226 100
205 254 96
205 297 100
205 450 97
205 472 105
205 474 96
205 487 97
205 496 98
205 506 94
205 549 98
205 573 101
206 247 104
206 266 95
206 350 96
206 495 101
207 313 91
207 329 101
207 406 100
207 430 103
207 462 100
207 477 102
207 511 100
207 541 104
208 232 90
208 363 99
208 384 96
208 394 100
208 420 99
208 505 96
208 615 102
209 307 104
209 316 97
209 317 102
209 360 100
209 452 96
209 475 103
210 212 95
210 249 97
210 388 107
210 416 97
210 455 105
210 476 98
210 526 106
210 597 106
210 620 96
211 248 101
211 252 98
211 286 94
211 298 101
211 343 95
211 457 105
211 477 96
211 487 99
211 596 98
211 621 102
212 295 98
212 296 106
212 304 96
212 440 109
212 448 105
212 459 99
212 468 96
212 481 87
212 483 93
212 628 102
213 219 96
213 258 109
213 282 105
213 314 103
213 322 108
213 584 96
214 249 99
214 260 102
214 277 101
214 379 91
214 585 99
214 618 99
215 365 107
215 433 105
215 545 97
215 565 102
215 581 103
216 230 106
216 233 97
216 305 87
216 338 91
216 341 98
216 513 107
217 248 95
217 362 88
217 400 98
217 509 96
217 517 95
218 257 98
218 287 109
218 310 102
218 350 95
218 386 95
218 483 98
218 484 97
218 489 100
218 529 104
218 548 99
218 550 105
218 565 90
218 602 91
219 244 91
219 287 98
219 306 94
219 365 95
219 400 104
219 554 96
220 226 106
220 248 104
220 342 101
220 363 96
220 524 98
221 236 102
221 310 107
221 358 107
221 386 102
221 426 108
221 443 103
221 485 98
221 544 94
221 554 111
221 609 105
222 285 92
222 341 98
222 606 94
223 229 94
223 461 96
223 470 111
223 498 97
223 579 103
223 600 110
223 637 103
224 458 99
224 481 103
224 491 101
224 610 96
224 617 103
225 240 100
225 244 96
225 262 100
225 271 108
225 324 105
225 349 105
225 400 106
225 401 102
225 465 100
225 474 103
225 582 97
226 240 100
226 275 104
226 388 102
226 505 102
226 560 101
226 630 103
227 297 100
227 407 99
227 597 104
228 232 101
228 336 108
228 348 104
228 417 100
228 447 104
228 521 90
228 532 97
228 574 108
228 603 103
229 308 108
229 309 97
229 353 94
229 397 98
229 424 99
229 499 107
229 589 107
229 604 106
230 352 91
230 368 97
230 381 90
230 385 90
230 455 100
230 457 91
230 511 101
230 552 98
231 300 98
231 412 102
231 414 95
231 432 97
231 524 99
231 545 93
231 576 103
231 589 103
231 604 102
231 608 100
232 247 99
232 256 98
232 403 97
232 509 96
232 538 86
232 566 108
232 584 104
232 596 97
233 282 98
233 307 97
233 380 96
233 462 103
233 553 100
233 595 97
233 619 97
234 252 96
234 328 99
234 330 104
234 381 107
234 399 103
234 508 91
234 513 97
234 543 97
234 595 94
234 609 95
235 309 97
235 370 102
235 439 97
235 525 94
235 543 95
235 583 91
235 598 96
236 251 96
236 266 99
236 371 89
236 406 98
236 444 92
236 475 96
236 479 94
236 501 97
236 505 103
236 555 103
236 628 91
237 246 90
237 277 98
237 279 99
237 311 107
237 321 94
237 337 92
237 349 95
237 402 103
237 414 102
237 441 96
237 458 100
237 499 103
237 532 99
237 553 97
237 639 96
238 368 99
238 454 112
238 467 102
238 522 103
238 555 96
238 611 100
239 307 101
239 323 105
239 363 96
239 364 106
239 433 93
239 467 100
239 502 96
239 504 96
239 509 102
239 586 94
240 289 102
240 354 95
240 365 109
240 397 94
240 425 101
240 522 98
240 589 93
241 250 99
241 274 99
241 276 96
241 395 93
241 582 98
241 588 102
242 330 105
242 339 88
242 468 95
242 474 102
242 501 91
242 515 95
242 534 104
242 565 102
242 590 106
242 592 99
242 638 104
242 640 101
243 409 99
243 451 97
243 472 92
243 534 92
243 626 93
244 298 101
244 311 106
244 394 112
244 476 99
244 516 94
244 533 98
244 583 90
245 305 90
245 321 94
245 346 100
245 430 105
245 441 91
245 468 105
245 494 103
245 635 97
246 253 91
246 275 99
246 304 99
246 529 93
247 317 97
247 398 95
247 413 99
247 442 100
247 509 109
247 546 100
248 319 101
248 328 95
248 342 102
248 397 97
248 502 105
248 601 99
248 606 96
248 609 98
249 298 98
249 339 98
249 428 100
249 445 98
249 507 109
249 559 104
249 579 99
249 584 104
250 267 101
250 287 95
250 374 97
250 515 96
250 537 98
250 584 98
250 619 104
251 332 100
251 357 100
251 408 99
251 411 102
251 477 102
251 518 102
251 547 103
251 596 99
251 640 104
252 282 103
252 296 102
252 318 98
252 326 96
252 360 102
252 431 94
252 493 97
252 501 100
252 532 94
253 259 106
253 289 105
253 353 93
253 374 91
253 417 104
253 436 97
253 494 101
253 519 98
253 573 94
253 597 101
254 273 91
254 295 92
254 296 91
254 357 102
254 608 98
254 624 110
254 631 97
255 383 98
255 436 106
255 475 92
255 497 97
255 530 102
255 534 93
255 615 99
255 628 106
256 291 101
256 366 94
256 393 103
256 412 93
256 416 97
256 421 101
256 487 97
256 489 97
256 522 100
256 523 100
256 555 98
256 615 108
257 359 108
257 479 104
257 501 93
257 540 100
257 615 99
258 317 98
258 351 99
258 598 100
259 439 90
259 480 95
259 489 100
259 498 98
259 550 98
259 591 92
260 311 85
260 322 102
260 337 104
260 341 97
260 343 103
260 412 105
260 426 102
260 459 100
260 480 108
260 490 98
260 543 98
260 546 99
260 586 104
260 630 92
261 338 96
261 350 104
261 393 97
261 498 100
261 546 92
261 619 101
262 264 110
262 345 101
262 357 102
262 448 102
262 487 100
262 577 96
262 586 107
262 600 104
263 293 101
263 550 99
264 322 103
264 429 103
264 506 99
264 546 109
265 297 101
265 438 101
265 445 95
265 624 109
266 279 96
266 332 99
266 343 103
266 395 101
266 408 96
266 434 105
266 606 95
267 442 108
267 458 96
267 465 95
267 515 98
267 527 96
267 581 97
267 618 111
268 336 107
268 359 100
268 381 109
268 431 93
268 434 92
268 462 101
268 475 108
268 587 92
268 594 93
268 634 104
269 362 100
269 375 102
269 392 101
269 516 99
269 541 88
269 581 105
269 600 98
269 604 101
269 616 93
269 622 98
270 374 99
270 435 98
270 442 97
270 549 97
271 295 95
271 323 97
271 325 103
271 373 98
271 424 93
271 508 101
271 514 94
271 562 97
271 595 95
271 621 100
271 640 102
272 430 101
272 467 95
272 493 100
272 589 96
273 296 99
273 310 90
273 333 100
273 388 99
273 412 98
274 285 109
274 326 95
274 492 99
274 501 94
274 508 87
274 565 102
274 582 110
274 607 105
275 317 99
275 401 101
275 534 93
276 295 99
276 310 94
276 318 109
276 478 99
276 499 98
276 522 91
276 526 97
276 632 98
277 290 100
277 300 91
277 339 101
277 363 101
277 406 99
277 515 99
277 518 103
277 523 99
277 576 96
278 308 98
278 354 103
278 365 99
278 433 109
278 531 96
278 565 97
278 590 91
279 332 96
279 338 105
279 344 102
279 354 103
279 394 101
279 403 98
279 492 103
279 497 94
279 577 99
279 640 97
280 284 105
280 294 100
280 370 103
280 504 104
280 512 102
280 635 98
281 331 100
281 344 115
281 347 106
281 399 101
281 406 102
281 547 104
281 549 98
282 287 95
282 313 104
282 314 100
282 325 95
282 431 104
282 457 92
282 490 100
282 615 98
282 639 107
282 640 101
283 319 97
283 387 94
283 433 99
283 486 99
283 490 94
283 503 109
283 505 104
283 530 103
283 591 105
284 298 102
284 306 105
284 315 95
284 345 91
284 407 97
284 420 101
284 485 103
284 497 96
284 531 94
284 602 99
284 635 102
285 362 104
285 392 101
285 398 100
285 521 103
285 542 101
285 543 97
286 305 101
286 326 107
286 407 99
286 459 102
286 487 98
286 489 98
286 538 101
286 582 108
287 294 98
287 346 104
287 425 106
287 442 95
287 537 98
287 545 94
288 359 102
288 391 102
288 492 102
288 613 88
289 297 100
289 323 101
289 471 105
289 516 95
289 611 101
290 418 101
290 435 104
290 508 101
290 545 108
290 595 94
291 311 93
291 313 93
291 329 115
291 338 109
291 397 96
291 413 97
291 422 97
291 451 90
291 464 90
291 517 98
291 532 110
291 586 101
292 404 93
292 417 101
292 439 107
292 610 98
293 303 106
293 310 105
293 354 103
293 383 93
293 462 92
293 483 97
293 527 101
293 569 95
293 614 105
294 299 100
294 336 100
294 447 106
294 452 90
294 534 99
294 546 102
294 564 96
294 594 84
295 358 100
295 372 100
295 415 99
295 418 100
295 438 92
295 449 104
295 511 100
295 566 94
295 631 97
295 633 101
296 317 92
296 331 106
296 385 115
296 477 99
296 522 93
296 594 89
296 598 107
297 325 93
297 372 107
297 487 109
297 491 98
297 539 100
297 570 105
297 621 97
297 628 102
298 309 100
298 310 98
298 455 102
298 546 92
298 556 103
298 597 102
299 346 87
299 348 106
299 402 115
299 512 92
299 526 107
299 554 92
300 378 104
300 559 105
300 578 108
301 330 99
301 483 97
301 512 100
301 538 96
301 539 103
301 557 93
301 575 100
301 595 98
301 611 106
301 621 99
301 634 101
302 361 102
302 392 96
302 393 97
302 395 97
302 405 101
302 436 101
302 578 109
302 586 96
302 603 97
302 618 99
303 322 102
303 404 105
303 499 97
303 503 103
303 519 95
304 458 100
304 479 96
304 511 103
304 519 91
304 588 92
304 614 97
305 323 95
305 356 96
305 364 106
305 406 108
305 469 94
305 506 90
305 510 103
305 538 100
305 588 107
305 636 105
306 465 92
306 469 99
306 523 96
306 571 99
306 575 100
306 587 99
307 335 105
307 395 95
307 443 97
307 461 101
307 475 103
307 502 100
307 537 94
307 539 94
307 620 102
308 403 96
308 519 107
308 579 99
308 613 100
309 395 106
309 426 93
309 535 101
309 591 89
309 612 93
310 321 108
310 336 100
310 370 101
310 532 99
310 563 91
310 593 97
310 615 102
311 328 105
311 354 105
311 424 98
311 487 91
311 548 99
312 362 96
312 427 100
312 475 101
312 593 100
313 352 103
313 407 100
313 414 108
313 492 97
313 528 95
313 572 101
313 575 102
313 583 95
314 444 104
314 532 96
314 602 101
314 619 96
315 380 95
315 435 109
315 534 103
316 332 95
316 364 97
316 409 105
316 552 100
316 631 104
317 320 99
317 448 94
317 467 102
317 472 102
317 473 96
317 571 106
317 617 102
317 621 92
317 628 101
318 466 107
318 495 100
318 534 97
318 583 100
318 587 98
318 633 100
319 567 87
319 585 90
319 586 100
320 368 101
320 444 98
320 456 102
320 470 100
320 478 99
320 479 95
320 483 99
320 534 102
320 559 97
320 586 101
320 620 104
321 357 101
321 488 99
321 552 96
321 620 102
321 631 100
322 541 100
322 547 100
322 599 96
322 608 102
322 636 108
323 368 97
323 373 93
323 379 100
323 407 99
323 442 99
323 517 101
323 536 101
323 553 95
323 577 102
323 607 107
324 359 92
324 424 98
324 426 100
324 428 95
324 433 104
324 527 90
325 359 94
325 408 92
325 410 101
325 427 94
325 437 85
325 494 101
325 566 104
325 574 102
325 594 99
326 365 92
326 368 90
326 386 91
326 422 96
326 434 96
326 484 104
326 558 102
326 563 103
326 604 98
327 339 99
327 344 101
327 375 90
327 406 94
327 458 99
327 463 95
327 531 98
327 569 102
327 577 95
327 588 105
327 619 103
328 366 102
328 417 102
328 493 100
328 543 89
328 629 98
329 443 113
329 512 100
330 344 104
330 393 91
330 434 93
330 484 100
330 601 113
331 409 100
331 418 108
331 429 95
331 454 108
331 560 100
331 561 103
331 582 98
331 630 109
332 340 106
332 359 97
332 419 90
332 537 102
332 570 94
332 605 95
333 367 98
334 505 102
334 545 94
334 564 94
334 570 99
334 580 108
334 623 92
334 635 95
335 351 105
335 387 109
335 405 90
335 526 99
335 585 98
335 634 95
336 503 99
336 554 101
336 575 92
336 593 106
337 339 104
337 351 99
337 433 95
337 467 102
337 488 93
337 626 101
337 628 87
338 348 102
338 351 88
338 362 97
338 435 91
338 495 94
338 508 101
338 558 101
338 568 101
338 588 111
338 618 104
339 370 97
339 386 94
339 401 110
339 433 106
339 446 103
339 532 98
339 543 98
339 565 99
339 601 98
339 616 98
340 377 87
340 389 96
340 449 94
340 463 103
340 467 103
340 579 99
340 616 93
341 371 102
341 471 96
341 491 102
341 492 103
341 607 100
342 480 100
342 536 105
342 544 109
342 549 104
343 413 103
343 464 99
343 468 103
343 478 97
343 496 95
343 584 109
343 613 101
344 349 94
344 356 102
344 480 99
344 540 99
344 548 99
344 559 98
344 614 95
344 638 97
345 354 101
345 404 97
345 512 96
345 525 101
346 351 99
346 379 108
346 410 95
346 444 92
346 583 92
346 623 108
347 369 107
347 382 103
347 439 98
347 507 104
347 543 93
347 569 97
347 632 107
348 354 110
348 368 104
348 386 103
348 446 99
348 451 111
348 498 102
348 514 99
348 526 102
348 537 99
348 541 96
349 506 98
349 557 93
349 623 96
350 358 102
350 421 100
350 449 99
350 479 91
350 527 89
350 570 90
350 582 102
350 592 97
351 511 92
351 550 100
352 381 92
352 465 107
352 560 92
352 564 105
352 610 98
352 616 101
352 618 107
353 385 95
353 434 103
353 450 94
353 498 101
353 597 94
353 626 91
354 432 97
354 525 107
354 571 98
354 576 98
354 603 102
354 615 98
354 619 99
355 444 113
355 503 94
355 513 103
355 545 95
355 590 110
355 619 105
355 634 97
356 473 102
356 491 105
356 513 103
356 522 104
356 585 99
356 587 105
356 603 101
356 608 95
356 628 99
357 368 109
357 374 108
357 406 98
357 421 103
357 500 93
357 566 102
358 374 106
358 503 101
358 614 103
359 377 112
359 381 105
359 391 100
359 423 107
359 425 101
359 537 103
359 571 91
359 575 105
359 579 95
360 446 100
360 468 106
360 534 99
360 615 94
361 384 101
361 426 95
361 430 97
361 445 97
361 473 98
361 518 99
361 545 92
361 612 98
361 614 93
362 377 99
362 465 101
362 487 102
362 533 96
362 563 103
362 579 101
363 380 102
363 407 100
363 433 102
363 451 107
363 455 98
363 489 99
363 490 112
363 550 99
363 597 102
363 602 102
363 606 91
364 438 107
364 441 99
364 486 107
364 492 104
364 536 85
364 589 101
364 631 97
365 392 94
365 427 102
365 430 98
365 451 102
365 466 104
365 472 88
365 485 96
365 568 94
365 630 94
366 405 103
366 477 101
366 517 96
366 521 100
366 530 99
366 554 103
366 628 95
366 631 93
367 384 101
367 451 104
367 565 114
368 376 102
368 382 100
368 562 99
368 638 90
369 419 101
369 532 99
370 481 91
370 505 102
370 530 100
371 380 99
371 385 102
371 471 97
371 531 99
371 549 98
371 558 100
371 574 108
372 411 102
372 422 100
372 428 105
372 454 102
372 503 92
372 517 96
372 597 101
373 401 102
373 465 95
373 505 94
373 511 104
373 529 104
373 615 94
374 511 99
374 543 97
375 427 100
375 467 91
375 500 98
376 413 96
376 414 100
376 439 107
376 463 109
376 470 103
376 484 102
376 520 103
376 527 102
376 544 102
376 562 98
376 582 100
377 385 97
377 397 98
377 445 103
377 486 103
377 529 98
378 444 100
378 452 98
378 502 90
378 594 101
378 629 92
379 409 99
379 440 102
379 573 99
379 602 92
380 407 96
380 528 110
381 394 93
381 444 94
381 560 107
381 561 98
381 637 106
382 502 102
382 514 100
384 439 99
384 493 97
384 494 90
384 536 99
384 556 98
385 516 102
385 563 98
385 596 96
386 434 106
386 457 103
386 464 104
386 472 99
386 493 99
386 527 93
386 552 96
386 612 98
387 435 104
387 445 104
387 465 99
387 488 91
387 541 96
387 552 104
387 575 96
387 610 93
388 425 101
388 446 106
388 449 98
388 493 105
388 510 103
388 531 98
388 540 95
388 551 103
388 561 104
388 593 103
388 595 106
389 413 99
389 472 98
389 590 106
389 592 101
389 595 101
390 493 92
390 560 91
390 593 106
391 446 109
391 500 103
391 517 99
391 565 111
391 610 100
392 414 95
392 530 93
392 566 101
392 603 106
393 439 97
393 467 100
393 471 105
393 497 92
393 502 102
393 510 97
393 524 96
393 590 105
394 481 98
394 507 101
394 580 97
394 609 97
394 632 105
395 408 103
395 448 98
395 527 101
395 568 103
395 636 97
396 526 98
396 552 97
396 568 89
396 614 93
396 629 94
397 414 98
397 464 104
397 474 105
397 490 109
397 526 107
397 629 104
398 402 91
398 499 101
398 503 103
398 603 102
399 463 97
399 512 88
399 536 100
399 537 100
400 468 103
400 523 101
400 589 109
400 638 96
401 438 91
401 456 94
401 506 109
401 541 96
402 530 91
402 545 107
402 625 98
403 545 96
404 438 96
404 458 103
404 472 98
404 578 97
404 616 106
405 466 105
405 483 100
405 528 110
405 554 93
405 580 108
405 583 96
405 604 104
405 625 88
406 437 94
406 463 106
406 483 110
406 509 96
406 530 99
406 533 104
406 562 99
406 598 98
406 599 111
406 628 98
407 518 106
407 526 103
407 536 94
407 636 104
408 464 98
408 535 95
408 577 105
408 582 102
409 413 96
409 435 96
409 536 97
409 543 99
409 606 96
409 616 98
410 445 103
410 575 109
411 412 97
411 437 103
411 451 102
411 522 103
411 565 93
411 587 100
412 422 92
412 470 97
412 480 103
412 545 100
412 548 102
412 601 97
412 612 99
413 507 101
413 555 103
413 620 101
414 440 101
414 491 101
415 447 97
416 473 90
416 559 100
416 606 99
416 613 111
416 630 108
416 631 92
417 418 102
417 550 100
417 558 102
417 593 103
418 549 97
418 585 101
418 594 93
419 516 101
420 455 101
420 472 93
420 483 98
420 565 100
420 583 97
421 444 100
421 460 106
421 559 96
421 633 99
422 445 108
422 476 95
422 541 94
422 562 104
422 639 101
423 491 93
423 557 104
423 588 92
424 450 100
424 504 103
424 577 101
425 454 94
425 491 108
425 541 99
425 543 92
425 610 101
426 518 106
426 573 94
427 441 101
427 476 100
427 533 104
427 588 107
427 622 97
428 563 110
428 581 98
428 603 96
428 606 104
428 630 106
429 441 104
429 483 105
429 531 97
429 572 112
429 616 103
430 537 106
430 553 94
430 567 92
431 483 98
431 488 106
431 500 96
431 528 98
431 576 93
431 632 99
432 513 99
432 539 97
432 582 101
432 589 93
432 611 97
433 442 83
433 458 97
433 489 95
433 518 109
433 608 92
434 459 103
434 484 111
434 516 105
434 555 101
434 572 93
434 580 107
434 589 99
434 597 106
435 495 102
435 596 98
436 477 107
436 479 96
436 508 103
436 529 108
436 613 92
437 443 86
437 472 107
437 497 99
437 513 105
438 473 91
438 529 101
438 570 98
438 584 91
438 595 99
439 470 98
440 449 100
440 491 99
440 510 100
440 567 105
440 595 103
441 459 105
441 548 102
441 612 106
441 620 99
442 453 92
443 539 98
443 562 90
443 616 104
444 468 97
444 563 91
444 624 98
445 455 93
445 497 102
445 515 95
445 619 98
445 620 107
446 469 105
446 481 104
446 531 101
446 558 97
447 467 100
447 544 97
447 622 107
448 466 98
448 533 98
448 617 100
449 474 105
449 550 94
449 564 100
450 456 107
450 507 99
450 524 102
450 595 90
450 632 100
451 513 98
452 534 93
453 572 90
453 591 100
453 613 96
454 486 106
454 624 102
455 456 97
455 482 91
455 504 99
455 532 102
455 595 103
455 639 102
456 495 103
456 500 95
456 531 97
456 536 102
456 555 99
456 556 99
456 583 99
456 625 96
457 508 95
457 583 97
457 585 103
457 591 97
457 599 106
458 511 94
458 518 93
459 475 98
459 539 108
460 516 99
460 540 97
460 586 102
460 606 100
461 465 102
461 500 97
461 543 95
461 587 106
463 470 96
463 508 82
464 478 99
464 479 108
464 508 97
464 579 113
465 516 99
465 517 91
465 584 98
465 614 101
465 625 102
466 473 95
466 529 107
466 539 100
466 551 95
466 615 106
466 636 98
467 469 104
467 481 97
467 504 92
467 632 100
468 533 104
468 545 97
468 568 102
468 585 101
468 601 99
468 609 108
469 618 103
469 624 104
470 513 92
470 526 101
470 544 105
470 557 95
470 578 98
470 614 109
471 532 102
471 537 94
471 607 101
472 483 90
472 491 110
472 558 101
472 560 94
472 567 98
473 604 98
473 619 95
474 484 102
474 570 100
475 511 100
475 556 98
475 603 94
475 629 100
475 632 105
476 638 100
477 487 91
477 495 104
477 558 103
477 594 97
478 517 102
478 528 97
478 602 109
478 607 96
478 636 105
479 616 97
480 572 102
480 594 93
481 510 104
481 515 103
481 576 100
481 578 101
481 597 104
481 629 97
482 491 98
482 531 103
482 554 102
482 575 99
482 597 105
482 616 101
483 495 101
483 570 113
484 516 97
484 567 96
484 573 103
484 576 98
484 617 96
485 505 100
485 529 99
485 553 93
485 588 97
485 594 97
485 624 104
486 487 102
486 544 102
486 560 101
486 563 102
487 492 93
487 586 99
487 612 97
488 491 104
488 495 103
488 501 98
489 513 102
489 542 98
489 592 100
489 630 113
490 563 93
491 499 102
491 586 106
492 494 96
492 555 97
492 609 94
492 620 105
493 546 99
493 630 85
494 590 89
495 498 91
495 509 101
495 520 99
495 592 103
495 599 102
496 504 94
496 540 100
496 547 108
497 503 90
497 526 95
498 566 100
498 605 98
498 606 99
499 517 100
499 567 100
499 602 94
500 517 107
501 553 94
501 573 95
501 610 104
502 549 95
502 551 104
502 567 99
502 587 94
503 598 98
505 618 91
508 539 102
508 582 96
508 598 104
509 554 100
510 592 92
510 631 102
511 529 92
511 639 93
512 529 109
512 611 95
512 625 97
513 541 99
513 576 101
513 589 102
513 637 96
514 554 100
514 558 98
514 608 93
514 614 101
515 597 105
515 603 94
516 616 94
517 567 107
517 631 99
518 530 102
518 577 94
518 613 104
518 626 95
519 532 100
519 636 97
520 564 101
520 574 95
520 583 107
521 597 104
521 602 90
522 538 95
522 586 106
522 634 109
524 529 103
524 548 96
524 571 96
524 609 105
524 610 102
525 549 105
525 591 94
526 546 100
526 562 101
526 566 98
526 590 99
526 591 100
526 604 97
526 610 99
528 606 103
529 636 96
530 635 102
531 631 113
532 536 101
533 560 99
533 595 104
533 601 96
534 544 104
534 632 96
535 536 96
535 597 94
535 618 100
536 553 96
536 592 96
536 598 102
537 567 101
538 547 104
538 556 106
541 547 103
542 573 102
542 610 110
543 576 106
543 589 102
543 616 100
543 627 109
543 631 94
545 558 94
545 606 100
545 624 98
546 597 100
547 586 99
547 593 97
547 603 99
547 612 108
547 615 104
548 627 97
548 636 99
549 576 110
549 637 96
549 640 97
550 557 99
552 569 96
552 638 103
553 571 113
553 588 93
553 611 102
554 581 101
555 594 100
555 630 98
556 602 97
556 606 103
556 611 96
556 622 105
557 622 99
558 611 100
558 615 97
559 596 98
559 609 109
559 628 99
560 620 97
562 565 109
562 629 102
562 635 107
563 578 94
563 583 97
563 622 95
564 618 88
565 571 102
565 599 100
565 609 104
566 627 100
567 619 94
569 637 103
571 574 96
571 616 102
571 635 105
571 636 94
572 578 102
573 603 101
574 576 107
575 578 98
576 605 104
576 620 98
576 635 98
576 639 102
577 603 95
577 606 94
577 607 94
578 638 96
579 610 96
580 605 99
583 623 99
584 605 104
585 610 101
586 598 96
587 613 102
588 611 99
589 601 108
590 593 93
590 632 99
593 596 107
595 603 103
601 609 93
601 636 107
603 638 107
604 609 100
605 614 104
606 619 101
607 618 100
608 637 94
612 622 99
613 630 107
622 624 104
622 631 92
624 639 98
634 637 100
