640	4135
1 9 295
1 38 196
1 42 194
1 97 204
1 183 202
1 202 196
1 225 202
1 287 206
1 348 210
1 476 198
1 479 193
1 485 200
1 491 204
1 507 196
1 508 202
1 528 196
1 532 209
1 534 206
1 550 207
1 600 198
2 91 205
2 97 201
2 100 190
2 101 190
2 139 199
2 146 205
2 169 195
2 187 201
2 213 193
2 244 201
2 246 199
2 277 198
2 324 197
2 503 193
2 518 199
2 583 199
3 73 193
3 136 196
3 185 205
3 356 203
3 373 201
3 386 193
3 439 203
3 481 196
3 600 197
3 616 197
4 23 203
4 29 199
4 87 192
4 112 199
4 220 196
4 224 194
4 300 206
4 346 204
4 396 195
4 587 199
4 613 194
4 622 198
5 15 198
5 203 209
5 245 196
5 298 203
5 457 205
5 458 199
5 459 195
6 70 195
6 89 200
6 92 191
6 274 197
6 500 203
6 539 203
6 609 199
6 619 205
7 8 303
7 11 193
7 92 197
7 93 202
7 116 198
7 131 198
7 210 194
7 248 202
7 265 197
7 283 201
7 385 199
7 394 196
7 403 198
7 435 199
7 494 202
7 566 197
7 586 200
7 597 204
8 27 203
8 183 204
8 201 194
8 219 199
8 257 194
8 276 203
8 331 202
8 334 194
8 385 197
8 432 195
8 571 199
8 599 204
8 608 197
8 619 197
9 36 205
9 189 202
9 218 203
9 283 201
9 385 205
9 430 203
9 458 197
9 470 201
9 482 193
9 551 202
10 25 100
10 29 100
10 68 104
10 120 103
10 135 100
10 182 105
10 209 101
10 216 94
10 220 98
10 226 93
10 287 101
10 352 102
10 370 96
10 411 101
10 417 97
10 441 97
10 482 105
10 545 92
11 26 103
11 88 101
11 153 95
11 173 93
11 300 95
11 308 102
11 320 103
11 323 103
11 332 103
11 369 117
11 382 108
11 427 97
11 477 101
11 515 103
11 632 103
11 637 103
11 639 97
12 69 97
12 77 106
12 87 97
12 129 102
12 259 103
12 303 100
12 344 101
12 349 103
12 445 97
12 551 85
12 583 101
13 47 102
13 59 98
13 96 103
13 97 105
13 136 100
13 239 105
13 254 99
13 425 101
13 450 89
13 491 99
13 589 97
14 75 101
14 88 103
14 141 107
14 203 95
14 334 105
14 516 103
14 543 92
14 601 95
15 30 109
15 59 95
15 76 97
15 91 95
15 160 98
15 195 97
15 351 94
15 378 102
15 459 92
15 535 101
15 545 94
15 591 95
16 36 103
16 45 107
16 51 102
16 61 106
16 65 90
16 73 98
16 95 96
16 178 93
16 204 101
16 243 101
16 286 95
16 382 97
16 480 100
16 486 101
16 625 100
17 36 99
17 68 98
17 116 105
17 172 99
17 206 91
17 322 110
17 553 100
17 619 98
18 48 103
18 64 102
18 140 94
18 199 102
18 280 104
18 282 100
18 303 98
18 345 104
18 439 102
18 521 107
18 531 107
19 175 100
19 189 91
19 231 109
19 278 107
19 359 97
19 360 106
19 374 100
19 379 103
19 383 95
19 389 103
19 405 90
19 427 101
19 457 102
19 533 104
19 619 108
20 48 101
20 63 99
20 113 105
20 173 92
20 207 101
20 241 106
20 276 99
20 317 99
20 350 102
20 356 101
20 362 103
20 394 103
20 396 99
20 468 101
20 587 104
20 638 106
21 23 109
21 59 97
21 125 100
21 168 100
21 182 100
21 183 101
21 222 95
21 256 98
21 267 108
21 272 98
21 299 100
21 318 103
21 341 101
21 360 96
21 476 105
21 513 96
21 576 90
21 611 100
21 615 93
22 54 92
22 92 95
22 205 107
22 227 101
22 265 96
22 267 104
22 285 107
22 319 98
22 323 105
22 330 101
22 356 103
22 380 97
22 457 89
22 507 100
22 519 96
22 531 108
22 588 89
22 593 99
22 600 101
22 604 110
23 44 108
23 110 94
23 118 98
23 140 106
23 145 90
23 181 101
23 192 93
23 200 98
23 230 96
23 356 98
23 371 101
23 415 98
23 422 106
23 444 102
23 611 100
23 631 106
23 638 96
23 639 99
24 34 104
24 53 91
24 155 100
24 200 97
24 206 103
24 238 93
24 259 93
24 268 93
24 300 94
24 383 99
24 399 111
24 501 101
24 541 97
24 551 101
24 585 91
25 58 94
25 61 103
25 86 102
25 188 110
25 215 93
25 216 102
25 236 95
25 238 94
25 302 97
25 441 94
25 493 100
25 506 107
25 537 101
25 617 92
26 47 97
26 95 94
26 134 106
26 176 98
26 177 102
26 248 106
26 295 99
26 298 102
26 302 102
26 451 97
26 606 100
26 621 100
27 28 96
27 42 98
27 124 93
27 181 95
27 203 91
27 264 96
27 280 105
27 284 101
27 309 95
27 353 100
27 358 93
27 366 95
27 376 86
27 387 103
27 413 91
27 427 104
27 433 95
27 486 104
27 529 90
27 532 104
27 578 91
28 93 103
28 277 100
28 395 104
28 497 100
28 553 109
28 554 108
28 593 102
28 602 97
29 90 88
29 96 95
29 99 103
29 216 98
29 331 94
29 414 96
29 476 96
30 46 102
30 170 93
30 171 102
30 193 104
30 194 104
30 197 105
30 281 103
30 302 104
30 424 89
30 432 101
30 433 100
30 453 93
30 508 104
30 528 104
30 547 100
30 596 108
31 51 104
31 68 93
31 99 103
31 116 105
31 217 100
31 218 101
31 241 104
31 300 96
31 332 101
31 336 106
31 351 98
31 390 93
31 391 99
31 407 94
31 408 100
31 415 105
31 419 103
31 439 104
31 448 98
31 471 103
31 516 100
31 543 106
31 572 101
31 581 106
31 616 106
32 91 103
32 126 99
32 267 102
32 298 91
32 327 106
32 334 108
32 398 100
32 487 94
32 553 100
32 564 98
33 36 101
33 94 96
33 108 90
33 212 100
33 281 109
33 300 107
33 330 104
33 390 99
33 551 91
33 604 108
33 614 101
33 617 95
34 150 101
34 177 98
34 287 98
34 363 98
34 422 92
34 512 98
34 619 101
35 64 94
35 172 95
35 227 104
35 245 101
35 257 103
35 348 97
35 373 106
35 442 90
35 466 104
35 494 94
35 495 97
35 523 103
35 620 102
36 53 103
36 109 96
36 152 101
36 223 98
36 245 100
36 316 99
36 386 94
36 395 103
36 584 106
36 590 94
36 614 98
37 89 95
37 112 102
37 164 89
37 227 96
37 307 103
37 326 101
37 433 102
37 478 99
37 616 99
37 619 98
37 638 95
38 78 95
38 99 101
38 195 102
38 254 102
38 276 105
38 300 105
38 301 93
38 369 98
38 372 102
38 379 104
38 495 100
38 507 99
38 510 98
38 590 111
38 637 112
39 48 103
39 97 102
39 122 92
39 202 106
39 226 95
39 292 104
39 296 98
39 312 96
39 348 105
39 376 101
39 393 90
39 426 110
39 462 105
39 592 90
39 632 101
40 58 103
40 135 97
40 224 102
40 253 104
40 285 101
40 294 100
40 332 111
40 337 98
40 370 98
40 429 94
40 484 100
40 545 100
40 626 96
41 52 97
41 77 93
41 93 93
41 189 103
41 192 106
41 220 103
41 235 97
41 268 102
41 312 101
41 374 98
41 387 99
41 420 105
41 457 106
41 516 103
41 552 99
41 555 107
41 602 88
41 631 104
41 633 93
42 182 96
42 236 97
42 240 105
42 404 99
42 421 97
42 425 96
42 459 100
42 493 93
42 512 105
42 603 103
42 623 96
42 628 96
43 182 92
43 289 99
43 339 106
43 439 93
43 448 104
43 459 99
43 487 109
43 489 105
43 514 99
43 567 104
43 577 89
43 597 100
44 67 106
44 86 99
44 108 106
44 163 94
44 164 90
44 170 100
44 207 97
44 215 105
44 274 106
44 288 103
44 398 106
44 484 100
44 558 89
44 603 97
45 92 95
45 98 92
45 125 97
45 198 105
45 226 97
45 265 101
45 296 107
45 451 97
45 459 97
45 640 101
46 59 97
46 83 98
46 156 96
46 206 98
46 233 99
46 247 92
46 305 105
46 411 98
46 427 93
46 493 98
46 529 100
46 584 98
46 606 94
46 616 87
46 626 96
47 116 102
47 140 102
47 175 105
47 200 98
47 292 101
47 336 112
47 374 96
47 402 106
47 415 97
47 509 100
47 539 98
47 596 102
47 637 102
48 90 114
48 120 104
48 157 95
48 201 99
48 278 101
48 320 91
48 459 99
48 553 95
48 604 102
48 617 101
49 79 94
49 101 95
49 139 110
49 235 106
49 263 99
49 391 98
49 400 99
49 466 107
49 523 103
49 586 107
49 640 105
50 267 95
50 298 101
50 303 101
50 392 99
50 445 100
50 485 98
50 496 98
50 533 112
50 566 98
50 617 105
51 118 94
51 174 98
51 179 110
51 202 96
51 234 113
51 254 94
51 285 106
51 315 103
51 327 102
51 362 99
51 435 102
51 459 107
51 482 96
51 483 109
51 555 96
52 138 98
52 158 103
52 210 97
52 221 108
52 251 104
52 294 99
52 323 101
52 343 96
52 349 99
52 377 94
52 389 87
52 402 96
52 420 98
52 431 99
52 441 97
52 473 90
52 549 97
52 567 94
52 615 98
52 618 96
53 284 103
53 290 96
53 431 94
53 507 104
53 511 93
53 591 102
53 593 100
54 316 104
54 325 97
54 420 96
54 455 94
54 475 94
54 523 100
54 567 95
54 575 94
54 616 93
54 631 104
55 160 107
55 324 95
55 393 105
55 403 103
55 431 94
55 450 102
55 562 100
55 565 95
55 586 92
55 625 110
55 635 113
56 271 97
56 309 99
56 321 98
56 370 91
56 450 109
56 568 105
56 582 99
56 628 102
57 99 101
57 106 100
57 110 93
57 147 103
57 202 100
57 209 101
57 230 99
57 269 100
57 329 96
57 405 101
57 411 105
57 454 98
57 483 101
57 488 96
57 564 96
57 572 103
57 603 97
58 85 108
58 119 103
58 134 102
58 135 96
58 152 100
58 211 100
58 268 92
58 361 99
58 422 108
58 454 109
58 457 89
58 466 101
58 505 95
58 542 102
58 585 96
58 597 92
59 128 90
59 218 92
59 236 104
59 284 93
59 306 109
59 434 94
59 454 97
59 455 100
59 513 106
59 562 92
59 571 103
60 95 109
60 162 93
60 341 104
60 399 104
60 456 100
60 517 95
60 525 91
60 557 106
60 559 105
60 579 105
60 581 97
61 103 104
61 160 98
61 171 100
61 222 99
61 238 96
61 239 103
61 274 93
61 296 105
61 347 101
61 403 98
61 484 103
61 528 105
61 536 99
61 556 93
61 597 98
61 599 95
61 609 97
62 69 104
62 70 98
62 200 95
62 212 101
62 332 106
62 340 105
62 360 91
62 362 106
62 461 94
62 536 98
62 537 96
63 113 107
63 126 102
63 144 104
63 214 98
63 232 90
63 319 94
63 324 99
63 373 108
63 374 100
63 444 96
63 533 98
63 620 105
64 187 92
64 242 100
64 265 100
64 283 97
64 302 95
64 383 102
64 422 98
64 448 107
64 594 102
65 73 99
65 90 103
65 91 104
65 125 101
65 205 92
65 273 95
65 312 99
65 343 93
65 399 107
65 500 100
65 516 101
65 522 102
65 556 99
65 602 97
66 101 105
66 111 103
66 160 102
66 236 106
66 242 92
66 266 100
66 361 103
66 375 96
66 383 94
66 450 97
66 475 100
66 487 105
66 524 104
66 576 99
66 628 107
67 124 102
67 149 96
67 163 94
67 172 99
67 208 103
67 213 98
67 238 97
67 284 89
67 300 102
67 324 97
67 345 106
67 346 102
67 442 87
67 460 109
67 484 107
67 489 98
67 541 105
67 568 101
67 584 99
67 620 95
68 168 92
68 302 93
68 332 94
68 369 100
68 409 91
68 422 102
68 433 108
68 459 93
68 492 97
68 601 101
69 169 95
69 172 97
69 207 99
69 209 108
69 245 93
69 263 100
69 295 93
69 366 98
69 390 100
69 411 107
69 432 102
69 477 96
69 485 91
69 529 97
69 564 96
69 567 105
69 574 107
70 231 93
70 258 104
70 333 100
70 348 97
70 349 105
70 520 100
70 575 99
70 604 97
71 119 99
71 141 103
71 197 100
71 262 98
71 280 98
71 283 106
71 334 97
71 342 102
71 364 107
71 426 107
71 504 101
71 539 97
72 128 108
72 189 100
72 229 106
72 239 96
72 282 99
72 311 96
72 320 100
72 339 99
72 400 98
72 462 93
72 509 109
72 558 97
73 89 93
73 143 88
73 161 97
73 174 104
73 317 105
73 364 96
73 376 100
73 418 102
73 588 106
73 634 99
74 129 91
74 130 97
74 146 98
74 214 101
74 219 100
74 231 102
74 244 97
74 324 100
74 421 96
74 512 88
74 513 100
74 586 92
74 600 103
75 139 104
75 231 102
75 237 101
75 297 96
75 345 98
75 389 104
75 399 103
75 408 96
75 417 95
75 444 90
75 454 91
75 456 104
75 594 101
76 89 104
76 171 102
76 184 109
76 271 99
76 314 102
76 354 101
76 524 97
77 82 99
77 88 95
77 110 105
77 135 98
77 158 101
77 166 95
77 181 111
77 301 110
77 358 97
77 400 106
77 440 103
77 606 106
77 616 108
77 623 96
78 142 99
78 184 100
78 196 102
78 244 101
78 257 98
78 460 93
78 471 101
78 514 104
78 561 91
78 605 91
79 147 107
79 162 96
79 166 100
79 197 102
79 213 106
79 236 100
79 305 96
79 309 107
79 388 98
79 525 99
79 545 92
79 608 101
80 217 99
80 250 106
80 318 92
80 353 101
80 362 103
80 375 98
80 434 104
80 493 98
80 505 107
80 508 104
81 136 102
81 185 99
81 210 97
81 216 100
81 274 116
81 317 92
81 329 102
81 360 102
81 405 96
81 469 96
81 479 101
81 509 102
81 510 99
81 575 100
81 582 93
81 603 98
82 85 99
82 113 96
82 137 93
82 205 90
82 286 93
82 294 104
82 362 97
82 427 107
82 536 103
82 557 98
82 605 98
82 624 99
83 117 96
83 130 90
83 154 100
83 346 103
83 399 102
83 528 100
84 92 103
84 102 103
84 104 98
84 214 106
84 215 93
84 299 105
84 305 86
84 350 102
84 361 95
84 385 97
84 422 106
84 467 100
84 478 99
84 585 102
85 100 99
85 170 96
85 280 100
85 299 94
85 385 95
85 446 96
85 480 95
85 587 91
85 595 104
86 155 103
86 201 100
86 218 86
86 319 105
86 425 96
86 446 111
86 451 99
86 504 89
86 572 104
86 591 97
86 595 117
86 599 100
86 619 91
86 627 111
87 97 97
87 98 93
87 269 101
87 271 100
87 291 93
87 401 95
87 449 98
87 514 97
87 552 103
88 91 95
88 150 100
88 164 106
88 183 96
88 189 104
88 205 91
88 218 103
88 334 95
88 338 98
88 341 99
88 399 97
88 439 102
88 465 98
88 495 96
88 573 101
88 597 95
88 617 100
88 620 115
88 631 91
89 169 109
89 220 101
89 241 108
89 258 104
89 322 92
89 343 93
89 347 95
89 395 94
89 404 98
89 436 97
89 591 97
89 624 103
89 635 103
90 309 95
90 324 101
90 451 100
90 470 106
91 112 107
91 168 99
91 279 100
91 335 102
91 426 94
91 470 106
91 521 98
91 547 99
92 119 99
92 188 98
92 210 107
92 235 105
92 326 104
92 381 96
92 393 100
92 416 102
92 549 110
92 574 103
92 640 99
93 176 95
93 242 105
93 262 101
93 325 109
93 358 95
93 376 98
93 415 98
93 465 95
93 529 98
93 626 95
93 635 103
94 127 106
94 217 95
94 283 102
94 328 99
94 335 99
94 374 93
94 385 99
94 474 91
94 501 103
94 545 92
94 550 98
95 135 99
95 198 94
95 249 104
95 419 108
95 450 104
95 470 100
95 471 98
95 529 102
95 611 103
96 109 96
96 219 104
96 251 96
96 425 105
96 530 107
96 563 101
96 594 88
96 621 107
97 260 109
97 278 104
97 402 100
97 426 97
97 437 101
97 452 91
98 105 103
98 244 101
98 272 88
98 389 104
98 404 104
98 546 100
99 128 95
99 166 96
99 221 106
99 339 105
99 350 105
99 396 101
99 415 97
99 594 94
99 639 98
100 182 90
100 197 90
100 206 98
100 272 93
100 297 107
100 315 107
100 357 107
100 365 105
100 442 97
100 460 95
100 530 101
100 535 90
100 575 99
101 148 101
101 163 109
101 179 96
101 199 93
101 210 108
101 226 96
101 297 97
101 298 103
101 311 100
101 384 100
101 442 98
101 477 106
101 496 98
101 497 91
101 500 95
101 512 88
101 614 106
102 218 103
102 313 99
102 334 102
102 343 104
102 388 104
102 442 95
102 445 98
102 553 94
103 143 100
103 148 110
103 170 99
103 231 98
103 331 95
103 338 96
103 376 96
103 408 106
103 426 94
103 458 102
103 561 98
103 573 99
103 627 101
104 182 108
104 221 100
104 253 103
104 305 100
104 359 101
104 395 105
104 403 108
104 439 97
104 571 106
104 591 107
105 157 100
105 192 96
105 201 94
105 215 97
105 257 102
105 264 103
105 366 100
105 423 105
105 511 97
105 528 99
105 605 95
106 123 101
106 187 98
106 209 105
106 257 98
106 317 96
106 377 99
106 403 98
106 466 104
106 478 101
106 517 93
106 518 103
106 557 92
107 296 97
107 298 107
107 372 93
107 382 100
107 394 103
107 408 102
107 471 99
108 127 91
108 339 95
108 420 101
108 437 97
108 484 94
108 550 94
108 551 96
108 570 106
108 609 101
109 140 94
109 158 102
109 174 102
109 206 100
109 211 97
109 326 92
109 328 95
109 333 94
109 337 99
109 361 103
109 375 101
109 411 108
109 440 94
109 456 101
109 551 99
109 581 112
110 138 93
110 139 105
110 206 99
110 281 95
110 418 98
110 606 95
111 114 102
111 188 102
111 190 96
111 304 99
111 305 93
111 397 101
111 439 95
111 495 98
112 117 110
112 130 97
112 208 96
112 342 97
112 429 100
112 601 91
112 622 96
113 205 105
113 275 102
113 306 108
113 393 99
113 461 102
113 487 97
113 566 99
113 573 94
113 587 93
113 596 95
113 617 95
114 136 92
114 280 103
114 368 104
114 481 106
114 521 91
114 532 100
114 587 104
114 622 95
115 151 101
115 189 100
115 236 95
115 251 103
115 306 102
115 365 104
115 447 102
115 597 100
116 139 99
116 169 101
116 210 97
116 219 96
116 282 105
116 343 98
116 347 101
116 454 98
116 458 104
116 466 101
117 256 107
117 262 101
117 296 99
117 410 101
117 416 93
117 542 97
117 547 105
117 550 103
118 247 104
118 285 102
118 316 101
118 387 95
118 440 100
118 460 99
118 478 103
118 494 103
118 500 98
118 584 99
119 134 108
119 185 105
119 363 96
119 423 98
119 443 98
119 516 95
120 123 106
120 250 94
120 311 111
120 345 101
120 468 96
120 476 102
120 536 94
121 146 96
121 217 105
121 270 108
121 288 102
121 371 108
121 425 96
121 441 95
121 505 97
121 565 96
121 566 107
121 581 103
121 610 108
121 611 106
121 636 99
122 141 102
122 191 95
122 265 98
122 277 96
122 295 100
122 306 93
122 325 95
122 412 93
122 415 99
122 523 98
122 556 104
122 633 103
123 178 102
123 186 101
123 200 97
123 276 105
123 361 102
123 412 97
123 433 98
123 446 90
123 487 94
123 556 109
123 573 97
123 612 96
123 617 105
124 163 95
124 174 96
124 230 90
124 580 98
125 140 106
125 272 99
125 320 96
125 323 97
125 355 104
125 375 112
125 387 110
125 493 100
125 515 105
125 548 103
126 154 94
126 207 103
126 209 100
126 237 95
126 246 97
126 266 96
126 287 100
126 495 103
126 520 104
127 129 93
127 154 101
127 160 101
127 190 100
127 331 97
127 358 102
127 409 103
127 463 101
127 613 96
127 615 95
127 629 105
128 248 97
128 283 102
128 294 98
128 332 102
128 371 102
128 378 105
128 443 100
128 465 95
128 594 98
128 628 101
129 140 96
129 153 94
129 208 105
129 224 98
129 236 96
129 239 97
129 263 104
129 370 94
129 373 100
129 392 102
129 397 101
129 526 93
129 568 109
129 615 102
130 146 103
130 156 97
130 230 95
130 244 94
130 275 102
130 386 99
130 423 103
130 497 95
130 533 95
130 638 93
131 347 106
131 475 94
131 543 96
132 162 101
132 269 99
132 276 100
132 447 105
132 471 89
132 492 103
132 530 98
132 546 111
132 579 95
132 632 92
133 176 98
133 196 105
133 201 99
133 249 101
133 256 102
133 281 100
133 284 96
133 285 105
133 303 98
133 354 98
133 529 95
133 550 104
133 635 99
134 177 107
134 178 94
134 196 99
134 254 100
134 312 103
134 320 91
134 382 100
134 386 105
134 434 95
134 510 101
134 538 99
135 141 101
135 166 100
135 175 99
135 272 100
135 274 92
135 289 109
135 417 102
135 482 100
135 505 102
135 522 88
135 615 103
136 177 97
136 280 101
136 348 102
136 357 98
136 382 98
136 393 106
136 448 99
136 468 108
136 495 97
136 534 109
136 566 93
136 606 103
137 159 94
137 284 94
137 290 104
137 317 112
137 326 98
137 380 101
137 448 112
137 523 99
137 604 102
137 628 105
138 169 103
138 172 91
138 313 103
138 315 98
138 363 108
138 369 101
138 391 108
138 393 95
138 454 106
138 475 97
138 495 103
138 524 106
138 586 103
138 625 107
139 174 99
139 194 96
139 291 103
139 377 97
139 469 100
139 522 110
140 175 101
140 229 106
140 254 95
140 321 97
140 430 94
140 510 104
140 563 94
140 584 93
140 585 94
140 638 99
141 228 103
141 293 97
141 312 98
141 363 99
141 423 101
141 467 103
141 622 95
142 254 93
142 284 96
142 308 93
142 315 97
142 382 96
142 392 92
142 393 98
142 445 95
142 464 97
142 547 101
142 570 106
142 609 102
142 620 100
142 636 96
143 171 100
143 205 106
143 328 99
143 349 106
143 385 95
143 496 96
143 556 105
143 561 107
143 593 106
144 157 100
144 176 104
144 291 99
144 308 90
144 348 106
144 428 100
144 460 102
144 547 91
144 578 96
144 626 100
145 166 94
145 223 103
145 281 98
145 294 104
145 324 101
145 334 100
145 377 102
145 399 101
145 414 97
145 465 98
145 521 95
145 587 96
145 623 98
146 157 103
146 208 113
146 224 95
146 231 91
146 263 97
146 322 106
146 498 102
146 582 97
146 622 103
146 631 104
147 149 110
147 250 99
147 329 94
147 331 92
147 352 102
147 424 101
147 507 99
147 553 99
148 168 100
148 179 97
148 316 93
148 408 103
148 420 97
148 535 100
148 542 101
148 579 101
148 584 97
148 598 92
148 617 94
149 177 109
149 192 103
149 245 96
149 248 99
149 255 95
149 280 96
149 311 102
149 355 98
149 382 100
149 505 97
149 510 98
149 526 106
149 549 96
149 595 101
150 478 98
150 577 100
151 153 105
151 158 97
151 228 99
151 232 92
151 237 100
151 241 104
151 242 94
151 244 89
151 255 100
151 257 93
151 295 92
151 312 103
151 455 101
151 508 97
152 193 103
152 255 97
152 266 96
152 315 95
152 324 94
152 364 102
152 451 105
152 537 91
152 598 96
153 160 94
153 228 104
153 232 104
153 272 97
153 422 93
153 429 97
153 463 106
153 468 100
153 476 94
153 487 102
153 498 97
153 507 105
153 517 84
153 559 90
153 582 95
153 628 98
154 157 98
154 186 108
154 301 97
154 367 103
154 388 94
154 436 95
154 511 97
154 533 93
154 542 100
154 564 95
154 576 95
155 187 102
155 320 102
155 325 100
155 372 101
155 429 99
155 471 95
155 506 97
155 517 91
155 529 90
155 628 104
156 197 92
156 212 97
156 277 101
156 311 93
156 378 89
156 382 98
156 532 104
156 537 96
156 580 97
156 593 98
157 262 108
157 268 95
157 445 99
157 491 103
157 508 102
157 550 101
157 590 98
158 172 98
158 180 105
158 229 97
158 240 100
158 388 99
158 425 99
158 433 102
158 461 105
158 486 103
158 527 95
158 564 103
158 593 108
158 601 102
158 622 95
159 241 88
159 309 111
159 340 93
159 551 96
159 593 96
160 185 104
160 211 97
160 233 101
160 262 106
160 339 98
160 340 95
160 404 98
160 557 106
160 573 101
160 589 93
160 611 95
161 163 98
161 239 98
161 376 98
161 381 104
161 427 108
161 455 112
161 466 92
161 553 95
161 554 96
161 582 102
161 607 98
161 615 90
162 172 90
162 188 103
162 242 93
162 247 85
162 399 100
162 479 104
162 501 101
162 604 99
162 633 85
162 636 104
163 165 100
163 197 107
163 331 106
163 436 99
163 450 103
163 502 98
163 544 108
163 570 95
163 587 101
164 169 104
164 222 102
164 277 96
164 300 105
164 323 94
164 392 100
164 443 100
164 471 96
164 526 103
164 541 96
164 582 100
164 599 99
164 628 101
165 176 97
165 262 95
165 271 99
165 378 106
165 424 96
165 431 98
165 442 94
165 543 104
166 176 100
166 205 103
166 271 106
166 287 99
166 367 99
166 396 96
166 427 88
166 433 101
166 461 97
166 509 99
166 586 99
166 629 104
166 634 105
167 193 94
167 230 95
167 270 98
167 334 110
167 382 100
167 383 91
167 464 92
167 534 104
167 561 102
168 184 100
168 197 97
168 199 107
168 247 97
168 268 99
168 332 99
168 347 105
168 349 100
168 361 102
168 550 100
168 554 98
168 617 98
168 626 97
168 638 96
169 232 101
169 240 105
169 344 105
169 381 104
169 434 93
169 627 104
170 222 98
170 332 95
170 389 96
170 418 95
170 457 96
170 528 101
171 309 101
171 311 108
171 334 102
171 335 100
171 503 100
171 507 103
171 519 98
171 569 96
171 640 95
172 328 105
172 374 107
172 397 100
172 581 98
172 603 97
172 637 104
173 274 112
173 323 102
173 363 107
173 412 102
173 426 99
173 453 98
173 568 102
173 581 104
174 249 95
174 262 97
174 272 97
174 279 99
174 309 101
174 332 105
174 337 98
174 406 105
174 583 96
174 599 95
175 182 102
175 207 102
175 218 95
175 241 107
175 493 95
175 521 100
175 548 97
175 561 95
175 570 98
175 596 93
176 181 103
176 267 109
176 349 98
176 378 95
176 382 101
176 383 94
176 407 99
176 418 102
176 453 103
176 529 105
177 223 98
177 262 104
177 275 102
177 312 100
177 318 106
177 343 100
177 377 99
177 378 109
177 385 101
177 458 103
177 466 106
177 498 101
177 546 96
177 549 95
178 193 99
178 230 103
178 234 95
178 326 106
178 341 102
178 423 98
178 433 100
178 448 105
178 537 108
178 544 105
178 547 109
178 638 108
179 298 93
179 365 108
179 522 98
179 540 98
179 545 97
179 585 100
179 628 96
180 243 93
180 315 89
180 322 97
180 437 93
180 438 105
180 485 96
180 600 104
181 293 103
181 296 94
181 305 102
181 433 95
181 445 93
181 452 96
181 502 107
181 595 97
181 628 102
181 629 99
182 213 98
182 225 105
182 272 108
182 289 93
182 297 100
182 326 101
182 350 104
182 373 98
182 400 108
182 455 106
182 542 96
182 613 100
182 626 101
182 632 94
182 634 102
183 247 96
183 321 96
183 324 98
183 358 100
183 417 97
183 422 98
183 513 97
183 520 108
183 547 94
183 572 100
183 576 102
183 598 100
183 638 103
184 200 97
184 261 100
184 304 102
184 446 92
184 482 107
184 495 94
185 299 95
185 338 102
185 383 98
185 436 93
185 499 102
185 529 101
185 543 97
185 554 100
185 607 98
186 286 101
186 315 103
186 319 100
186 381 111
186 400 95
186 440 95
186 474 96
186 498 102
186 574 102
186 586 93
186 610 96
187 189 98
187 316 101
187 364 97
187 399 96
187 408 98
187 430 97
187 475 100
187 499 94
187 560 105
187 599 102
188 349 103
188 428 101
188 471 104
188 474 106
188 479 103
188 500 103
188 508 100
188 568 102
188 607 100
188 617 94
189 283 98
189 319 101
189 324 90
189 332 110
189 360 109
189 369 98
189 520 103
189 541 103
189 542 102
189 581 91
189 592 102
189 603 104
190 206 110
190 257 98
190 302 104
190 374 97
190 478 96
190 479 91
190 504 103
190 566 93
190 577 95
191 194 96
191 225 92
191 234 98
191 275 99
191 358 103
191 486 96
191 500 90
191 506 105
192 265 100
192 281 110
192 327 101
192 337 99
192 375 98
192 380 98
192 410 100
192 420 102
192 541 107
192 563 103
192 593 96
193 237 105
193 278 99
193 365 108
193 413 101
193 596 92
193 599 98
194 195 96
194 341 101
194 384 99
194 392 104
194 399 100
194 416 98
194 575 103
194 580 105
195 199 96
195 234 98
195 308 100
195 352 96
195 360 101
195 370 101
195 488 106
195 589 100
195 595 101
196 210 90
196 258 94
196 293 105
196 347 102
196 361 100
196 486 102
197 239 98
197 273 103
197 503 94
197 597 96
198 207 99
198 289 94
198 299 94
198 307 96
198 405 100
198 473 102
198 478 109
198 501 93
198 534 99
198 604 93
199 226 97
199 343 114
199 359 101
199 428 97
199 451 96
199 473 105
199 478 103
199 529 102
199 561 101
199 587 98
199 592 100
199 638 105
200 233 103
200 290 104
200 292 98
200 293 98
200 325 89
200 445 102
200 457 106
200 546 96
200 578 97
200 613 97
200 634 94
201 232 97
201 264 95
201 303 103
201 315 96
201 320 104
201 340 93
201 418 109
201 480 100
201 482 97
201 486 102
201 495 100
201 502 99
201 504 104
201 515 92
201 589 101
201 602 100
201 604 104
202 213 103
202 231 98
202 292 103
202 321 89
202 332 101
202 340 104
202 344 99
202 356 101
202 369 97
202 430 108
202 519 94
202 555 107
202 590 100
202 618 103
202 620 99
203 229 96
203 292 93
203 341 97
203 401 100
203 546 100
204 235 101
204 351 100
204 466 100
204 515 98
204 551 108
205 249 96
205 260 99
205 499 105
205 517 107
205 586 103
205 606 103
205 617 90
206 209 99
206 283 99
206 294 107
206 357 101
206 367 102
206 396 100
206 433 98
206 502 97
206 511 101
206 605 99
206 628 103
207 308 101
207 329 98
207 351 100
207 453 99
207 466 97
207 535 104
207 559 101
208 324 101
208 325 96
208 446 104
208 476 97
208 499 98
208 504 100
208 638 94
209 212 101
209 218 96
209 239 95
209 273 93
209 284 101
209 297 104
209 373 95
209 402 98
209 419 95
209 420 87
209 476 104
209 492 95
209 604 100
210 302 103
210 337 102
210 368 101
210 390 98
210 415 97
210 438 90
210 531 99
210 616 92
211 222 103
211 381 99
211 408 97
211 419 100
211 530 99
211 550 100
211 607 105
211 630 97
212 270 91
212 284 109
212 305 98
212 308 102
212 348 93
212 417 100
212 428 101
212 440 93
212 486 102
212 500 93
213 261 92
213 263 97
213 267 98
213 269 100
213 310 99
213 441 100
214 215 97
214 333 103
214 359 102
214 410 105
214 485 100
214 500 89
214 610 108
215 219 94
215 228 105
215 406 96
215 415 97
215 450 101
215 464 104
215 489 101
215 540 97
215 595 93
216 278 106
216 315 98
216 323 105
216 338 91
216 339 100
216 469 92
216 512 102
216 542 100
216 570 107
216 587 101
216 611 103
217 233 99
217 285 97
217 293 92
217 313 102
217 397 102
217 421 105
217 442 100
217 489 97
217 552 95
217 553 103
217 604 101
218 253 104
218 307 101
218 334 92
218 376 104
218 460 104
218 491 92
218 564 95
218 578 98
218 606 96
218 640 97
219 250 99
219 336 99
219 372 107
219 382 103
219 431 99
219 471 108
219 488 103
219 630 97
220 323 99
220 400 109
220 428 102
220 565 103
220 638 104
221 228 109
221 251 100
221 286 102
221 307 99
221 314 99
221 364 98
221 385 102
221 467 95
221 471 98
221 549 92
221 551 95
222 231 97
222 358 100
222 395 103
222 539 102
222 562 100
223 253 105
223 256 93
223 280 96
223 307 101
223 405 98
223 432 98
223 449 95
223 461 96
223 463 104
223 512 100
223 594 97
223 621 95
224 315 94
224 334 92
224 351 98
224 439 105
224 497 93
224 558 96
224 570 109
224 612 101
225 251 88
225 259 106
225 266 92
225 336 100
225 363 98
225 394 107
225 420 94
225 447 98
225 511 88
225 552 96
225 589 106
225 591 102
226 251 91
226 277 96
226 310 99
226 318 100
226 329 88
226 461 97
226 491 102
226 516 100
226 546 103
226 629 96
227 265 98
227 327 102
227 428 104
227 451 103
227 477 96
227 488 98
227 512 102
227 523 102
228 326 105
228 366 110
228 398 98
228 408 99
228 471 100
228 489 99
228 515 96
228 559 97
228 566 97
229 296 109
229 417 96
229 430 101
229 459 95
229 564 97
230 260 99
230 281 100
230 289 105
230 297 97
230 315 93
230 318 100
230 357 103
230 401 97
230 416 105
230 427 104
230 496 90
230 608 95
230 616 98
231 300 101
231 324 97
231 442 96
231 465 102
231 471 104
231 519 97
231 520 104
231 556 104
231 573 107
231 578 104
231 608 94
231 615 103
231 624 106
231 630 96
232 271 107
232 441 102
232 452 106
232 500 97
232 525 100
232 582 108
232 619 97
233 255 91
233 335 98
233 357 100
233 392 96
233 397 102
233 448 101
233 475 98
233 557 109
234 250 100
234 257 105
234 309 94
234 390 97
234 396 101
234 408 106
234 470 112
234 554 107
235 281 94
235 352 103
235 358 108
235 432 99
235 471 87
235 554 98
235 589 98
236 307 94
236 329 100
236 331 109
236 367 95
236 373 110
236 379 106
236 389 105
236 433 109
236 517 100
236 555 106
237 309 105
237 312 101
237 326 99
237 371 94
237 374 99
237 449 103
238 256 97
238 278 97
238 289 94
238 520 95
238 599 101
238 638 100
239 296 96
239 440 105
239 463 106
239 592 92
239 604 95
239 622 104
240 269 90
240 294 98
240 307 100
240 339 102
240 378 97
240 382 105
240 383 105
240 458 100
240 508 106
240 532 99
241 309 91
241 404 98
241 431 100
241 593 104
241 594 105
241 595 98
241 598 99
241 622 102
242 260 93
242 298 107
242 515 102
242 633 94
243 249 94
243 283 93
243 285 95
243 295 102
243 320 101
243 322 95
243 414 97
243 463 95
243 523 97
244 277 95
244 296 107
244 304 94
244 350 107
244 383 103
244 385 99
244 428 104
244 591 97
244 607 101
244 608 106
245 251 99
245 298 103
245 349 96
245 510 93
245 530 106
245 534 93
245 589 87
245 609 97
245 622 102
245 640 103
246 282 96
246 363 97
246 371 95
246 399 103
246 414 101
246 516 104
246 550 100
246 598 90
246 636 103
247 382 98
247 404 103
247 424 101
247 465 109
247 521 97
247 522 104
248 253 102
248 297 102
248 347 93
248 366 107
248 396 99
248 404 105
248 435 103
248 452 96
248 459 94
248 465 102
248 481 94
248 533 108
248 549 94
249 251 104
249 330 107
249 379 110
249 477 105
249 534 99
249 550 96
249 639 90
250 297 97
250 570 103
250 629 103
251 253 99
251 290 98
251 326 109
251 366 101
251 418 111
251 434 98
251 450 101
251 528 105
251 545 103
251 586 103
251 591 100
251 618 101
252 264 103
252 272 86
252 306 104
252 364 96
252 397 110
252 481 99
252 628 106
253 324 93
253 390 104
253 401 101
253 421 95
253 441 97
253 536 102
253 581 102
254 313 110
254 337 103
254 407 97
254 421 97
254 471 98
254 631 91
254 639 96
255 283 97
255 309 97
255 314 96
255 325 111
255 347 102
255 364 93
255 375 99
255 496 104
255 573 100
256 330 102
256 360 104
256 378 98
256 418 92
256 489 106
256 490 105
256 521 99
256 529 87
256 606 111
257 268 96
257 272 93
257 310 99
257 318 103
257 342 99
257 378 106
257 413 110
257 465 99
257 491 94
257 529 101
257 537 92
257 617 99
258 374 92
258 398 99
258 479 90
258 497 95
258 515 96
258 595 91
258 600 95
258 631 103
259 305 97
259 317 96
259 322 105
259 384 99
259 422 98
259 467 94
260 380 99
260 385 100
260 423 98
260 446 96
260 478 96
260 479 97
260 577 100
261 305 97
261 318 95
261 468 101
261 509 92
261 562 95
261 620 96
263 332 95
263 357 102
263 372 98
263 449 96
263 480 104
263 499 101
263 597 92
264 289 98
264 296 106
264 324 93
264 338 93
264 397 103
264 513 107
264 577 95
265 323 105
265 342 104
265 367 99
265 448 99
265 527 101
265 561 105
265 580 101
265 609 96
266 326 103
266 327 100
266 353 95
266 354 90
266 356 99
266 364 97
266 389 99
266 456 99
266 457 100
266 476 102
266 517 100
266 522 93
266 554 97
266 582 105
266 629 96
267 278 105
267 285 96
267 299 112
267 314 102
267 318 98
267 321 99
267 332 102
267 399 104
267 400 93
267 413 103
267 428 96
267 490 103
267 606 106
268 298 111
268 428 101
268 580 108
268 600 108
268 620 105
269 286 113
269 350 102
269 449 105
269 532 96
269 539 108
269 557 100
269 584 98
270 302 93
270 336 103
270 422 103
270 441 98
270 485 95
270 489 102
270 573 103
271 366 95
271 390 100
271 480 97
271 481 109
271 541 96
271 586 101
272 279 100
272 375 94
272 400 99
272 445 98
272 502 108
273 289 99
273 364 100
273 462 97
273 520 94
273 597 98
273 630 108
273 640 99
274 302 106
274 422 108
274 438 89
274 450 100
274 517 105
274 540 105
274 583 98
274 634 102
275 344 101
275 385 101
275 514 97
275 566 108
275 632 110
276 279 99
276 325 102
276 360 94
276 392 99
276 413 99
276 501 98
276 528 94
276 561 102
276 575 94
276 626 96
276 636 97
277 301 111
277 335 98
277 355 98
277 385 108
277 393 91
277 463 100
277 565 103
277 575 94
278 285 95
278 414 96
278 555 104
279 383 92
279 433 96
279 458 96
279 544 96
279 583 96
279 618 111
280 307 97
280 340 107
280 409 103
280 565 97
280 619 101
281 365 105
281 467 100
281 486 96
281 507 99
281 517 96
281 523 99
281 534 99
281 624 95
282 327 93
282 339 96
282 375 95
282 406 102
282 410 86
282 418 101
282 481 108
282 504 100
282 564 105
283 312 93
283 358 100
283 394 100
283 489 92
283 612 99
284 357 96
284 361 97
284 388 106
284 403 108
284 506 97
284 624 101
284 627 103
284 638 96
285 381 97
285 476 107
285 485 101
285 498 97
285 504 101
285 569 106
285 572 96
285 603 95
286 305 105
286 399 105
286 427 98
286 452 106
286 509 101
287 324 101
287 329 104
287 395 101
287 397 102
287 474 90
287 478 104
287 548 97
287 565 109
287 622 87
288 318 97
288 321 98
288 454 98
288 574 107
288 615 102
288 626 103
289 365 96
289 400 106
289 429 97
289 447 102
289 448 98
289 459 91
289 482 102
289 578 108
289 617 95
290 318 107
290 356 92
290 398 95
290 447 98
290 493 104
290 521 102
290 525 103
290 548 103
290 572 99
291 304 106
291 318 105
291 470 100
291 497 96
291 554 95
291 576 104
291 614 92
292 412 105
292 490 103
292 502 102
292 602 95
293 308 104
293 393 110
293 464 102
293 496 95
293 546 98
294 306 92
294 326 95
294 455 105
294 543 102
294 578 106
294 590 95
295 324 92
295 336 94
295 341 100
295 387 97
295 434 91
295 488 99
295 491 100
295 565 99
295 570 101
295 577 102
295 595 102
295 625 96
295 627 100
295 630 108
295 639 104
296 355 100
296 381 95
296 392 101
296 397 100
296 428 101
296 448 107
296 456 97
296 487 95
296 516 98
296 566 103
296 630 102
297 321 108
297 383 103
297 428 94
297 615 94
298 342 102
298 499 103
298 582 107
298 608 97
298 622 101
298 636 94
299 326 103
299 541 97
299 570 87
299 608 104
300 309 99
300 313 106
300 383 100
300 415 96
300 432 101
300 478 104
300 493 98
300 574 105
300 582 99
300 615 101
301 391 103
301 407 107
301 432 99
301 463 100
301 495 93
301 574 93
302 312 96
302 338 96
302 415 98
302 550 98
302 569 97
303 378 97
303 399 101
303 406 100
303 439 100
303 452 101
303 504 101
303 511 101
303 562 98
303 581 98
303 630 101
304 346 109
304 350 95
304 396 95
304 432 98
304 481 92
304 565 98
304 635 98
305 445 112
305 466 100
305 482 94
305 540 100
305 560 98
305 567 90
306 386 108
306 460 97
306 476 109
306 529 101
306 530 92
306 536 108
306 544 98
306 597 94
307 318 94
307 347 89
307 376 97
307 422 99
307 437 110
307 630 105
308 338 99
308 467 94
308 637 91
309 344 102
309 485 109
309 538 99
309 612 98
310 351 95
310 381 98
310 400 96
310 423 99
310 441 92
310 506 88
310 579 101
310 598 97
311 363 95
311 443 98
311 445 100
311 554 100
312 409 103
312 453 102
312 510 98
312 532 102
312 582 105
312 616 101
313 332 97
313 352 93
313 385 104
313 397 97
313 401 110
313 416 108
313 422 113
313 423 90
313 454 90
313 457 97
313 491 98
313 521 101
313 573 108
313 583 98
313 638 99
313 639 90
314 369 99
314 381 98
314 459 95
315 326 99
315 354 102
315 370 91
315 436 98
315 441 99
315 548 98
315 568 106
315 590 102
316 417 103
316 510 106
316 572 107
316 591 97
316 595 95
316 598 100
316 603 93
317 332 105
317 338 98
317 347 96
317 358 96
317 399 102
317 432 94
317 440 101
317 461 101
317 509 98
317 510 102
317 549 103
317 560 100
317 626 91
318 370 99
318 431 89
318 490 101
318 543 103
318 573 91
319 323 102
319 388 103
319 413 93
319 541 100
319 569 93
319 596 97
320 332 101
320 367 107
320 388 102
320 403 99
320 443 102
320 490 105
320 550 98
320 604 103
320 626 102
320 637 105
321 338 101
321 387 96
321 570 106
321 591 109
322 484 95
322 532 97
322 590 102
322 593 99
322 604 100
323 416 92
323 449 101
323 585 94
324 357 99
324 380 106
324 404 98
324 451 96
324 488 96
324 523 101
324 548 97
324 585 98
325 352 101
325 474 97
325 494 98
325 515 96
326 368 115
326 526 98
326 619 114
327 377 97
327 441 94
327 442 95
327 483 100
327 498 98
327 527 97
327 541 99
327 607 105
327 623 100
328 379 98
328 398 91
328 402 103
328 500 98
328 550 99
328 573 104
329 396 92
329 401 108
329 414 98
329 419 105
329 449 96
329 486 91
329 610 95
330 332 103
330 338 100
330 415 102
330 422 93
330 438 109
330 517 98
330 556 103
330 558 102
330 631 104
331 438 97
331 571 101
332 373 107
332 388 103
332 497 98
332 498 101
332 505 103
332 530 100
332 546 95
332 605 101
332 619 98
332 635 99
333 350 108
333 354 103
333 374 94
333 402 102
333 478 97
333 530 101
333 571 105
333 591 100
333 620 106
334 364 105
334 408 107
335 384 91
335 388 94
335 424 97
335 428 102
335 440 103
335 529 94
335 589 102
335 616 100
335 630 105
336 374 92
336 398 99
336 418 104
336 431 109
336 548 108
336 553 97
336 596 102
336 598 89
336 632 111
337 373 98
337 430 100
337 507 99
337 543 91
337 623 94
338 455 102
338 552 103
338 560 100
338 572 103
338 627 107
338 638 101
339 442 108
339 548 106
339 557 100
339 610 99
340 371 110
340 393 100
340 427 101
340 473 102
340 497 95
340 514 93
340 524 97
340 562 93
340 593 98
340 607 99
340 632 90
341 348 104
341 406 95
341 554 91
341 585 94
342 444 104
342 527 96
342 550 95
342 552 107
342 614 109
342 639 104
343 406 107
343 431 96
343 485 98
343 492 101
343 509 110
343 547 98
343 559 99
343 590 95
344 424 100
344 493 96
344 495 97
345 464 99
345 487 94
345 493 105
345 553 96
345 562 108
345 605 105
345 617 96
346 360 109
346 397 110
346 471 96
346 491 98
346 513 87
346 517 102
346 542 96
346 576 104
346 580 106
346 638 101
347 374 99
347 383 98
347 422 109
347 454 99
347 580 99
348 353 100
348 354 98
348 416 94
348 551 86
348 559 95
348 627 95
349 467 99
349 504 96
349 521 100
349 524 94
349 548 103
350 363 97
350 390 96
350 508 94
351 360 98
351 364 100
351 386 93
351 508 93
351 523 101
351 524 99
351 534 95
351 536 102
351 569 101
351 579 95
351 580 100
351 596 92
352 363 95
352 560 104
352 575 96
353 552 103
354 356 107
354 381 105
354 389 98
354 397 98
354 452 97
354 510 97
355 369 107
355 562 109
355 589 105
356 362 99
356 451 93
356 487 105
356 565 86
356 604 108
357 424 94
357 457 105
357 501 100
357 614 97
358 429 102
358 456 92
358 461 99
358 496 106
358 523 105
358 530 98
359 448 101
359 491 103
359 555 105
359 605 92
360 424 104
360 465 98
360 510 99
360 599 98
361 414 102
361 419 97
361 436 99
361 520 108
361 575 94
361 599 91
362 364 99
362 393 95
362 397 92
362 480 102
362 505 90
362 638 96
363 435 95
363 442 89
363 539 103
363 603 97
363 615 94
364 392 96
364 479 85
364 575 94
365 366 106
365 399 101
365 402 99
365 491 93
365 509 99
365 524 106
365 573 95
365 637 107
366 469 95
367 406 96
367 464 100
367 465 101
367 516 98
367 581 93
367 622 110
368 392 102
368 466 85
368 491 93
368 541 103
368 616 98
369 388 100
369 489 104
369 507 99
369 602 97
369 623 94
370 398 101
370 435 100
370 455 113
370 473 96
370 543 99
370 582 93
370 633 93
371 437 110
371 528 102
371 550 100
371 596 103
372 422 107
372 465 100
372 468 94
372 565 103
373 401 103
373 412 98
373 497 99
373 501 99
373 532 100
373 555 95
373 616 87
374 605 97
375 385 105
375 467 101
375 571 104
375 585 102
375 586 105
376 381 97
376 412 97
376 449 107
376 457 96
376 514 109
377 435 103
377 460 105
377 487 96
377 489 100
377 514 98
377 516 106
377 518 95
377 530 100
377 547 101
377 571 107
377 589 101
377 612 99
377 625 97
377 626 106
378 389 92
378 568 100
378 579 99
378 603 98
378 605 102
378 638 103
379 465 102
379 503 96
379 527 95
379 598 98
380 408 100
380 505 105
380 534 101
380 546 96
380 577 104
380 593 105
380 616 92
381 398 93
381 510 96
382 399 99
382 402 95
382 491 99
382 525 100
382 599 98
382 603 103
383 514 100
383 593 97
383 596 103
383 636 110
384 387 100
384 417 105
384 427 97
384 466 94
384 592 98
385 406 98
385 432 99
385 561 103
385 576 107
385 602 98
386 415 98
386 420 95
386 437 99
386 439 111
386 605 109
387 432 101
387 533 108
387 624 96
388 420 104
388 435 95
388 436 97
388 617 103
389 450 99
389 525 92
389 561 100
389 593 97
389 629 98
389 638 103
390 401 108
390 481 99
390 526 95
390 527 103
390 640 91
391 410 100
391 474 100
391 489 97
391 524 96
391 602 94
391 624 106
392 506 101
392 626 94
392 627 97
393 474 103
393 613 101
393 624 105
394 405 89
394 462 96
394 496 102
394 513 99
394 565 98
394 595 94
394 600 101
395 415 100
395 431 104
395 472 100
395 490 95
395 514 104
395 556 95
395 612 94
395 637 101
396 417 101
396 427 99
396 468 100
396 559 102
396 605 99
396 636 98
397 455 92
397 460 103
397 477 104
397 487 104
397 495 100
397 550 103
397 597 105
397 604 102
397 630 98
398 433 104
398 461 98
398 532 105
398 590 86
399 421 99
399 469 105
399 545 102
399 600 99
399 629 97
400 424 102
400 428 97
400 453 108
400 493 93
400 565 99
400 582 93
400 596 104
400 599 107
401 420 99
401 587 102
401 590 97
402 406 103
402 410 91
402 415 107
402 417 100
403 427 97
403 483 103
403 524 99
403 602 96
404 424 101
404 452 91
404 465 94
404 621 97
405 556 93
405 579 101
406 410 102
406 420 96
406 430 99
406 512 96
407 460 98
407 588 108
407 636 108
408 485 86
408 529 102
409 414 89
409 457 90
409 477 101
409 573 102
409 593 96
409 629 103
410 492 97
411 447 95
411 463 93
411 560 94
411 567 95
411 624 108
413 501 97
413 592 99
414 510 106
414 548 110
414 581 97
416 435 102
416 480 93
416 487 105
416 527 101
416 596 96
417 419 98
417 422 99
417 433 93
417 576 91
417 637 93
418 506 105
418 514 99
418 523 102
418 526 99
419 460 103
419 541 99
419 599 111
420 453 95
420 471 93
420 567 98
420 597 98
420 623 99
421 560 108
421 563 93
421 601 96
421 628 90
422 470 106
422 481 107
422 507 95
422 521 100
423 536 98
423 544 108
423 613 92
423 635 101
424 472 101
424 555 106
424 587 94
424 596 99
424 632 99
425 536 103
425 547 103
425 568 100
426 453 100
426 466 110
426 606 99
426 608 94
427 442 114
427 444 106
427 532 97
427 539 99
427 612 93
428 439 95
428 449 102
428 451 95
428 556 97
428 621 102
429 438 103
429 463 101
429 559 96
431 487 88
431 520 98
431 605 103
432 486 101
432 512 95
432 526 97
432 531 101
432 624 98
433 472 98
433 509 106
433 519 97
433 528 80
433 550 91
433 557 95
434 443 97
434 488 98
434 609 96
434 616 93
435 466 106
435 484 98
435 528 96
435 532 107
435 553 96
435 555 93
436 595 100
436 633 96
437 443 104
437 565 102
437 612 104
438 449 105
438 494 103
438 518 98
438 565 104
438 635 97
439 470 99
439 624 101
439 634 101
440 464 101
440 498 100
440 560 97
441 483 97
441 550 101
441 571 103
441 598 107
441 603 100
441 609 97
441 616 97
441 626 93
442 519 96
442 541 106
442 565 100
443 452 99
443 530 107
444 550 93
444 618 96
445 466 107
445 489 90
445 533 98
445 534 102
445 548 96
445 615 101
446 568 99
446 580 98
447 458 101
447 484 106
447 611 98
448 497 85
448 563 106
448 635 100
449 453 102
449 537 95
449 622 106
450 516 100
450 521 111
450 558 97
450 599 95
450 639 106
451 465 106
451 487 99
451 507 93
451 530 98
451 565 101
451 621 95
452 464 99
452 466 108
452 490 104
452 491 106
452 537 100
453 463 111
453 487 102
453 596 98
453 633 101
454 467 94
454 528 97
454 605 98
455 502 96
455 511 93
455 525 97
455 576 105
455 577 105
456 477 100
456 492 100
456 526 97
457 471 96
457 575 106
457 591 102
457 604 97
457 636 110
458 538 106
459 470 104
459 487 105
459 570 95
459 578 100
459 598 98
460 489 103
460 504 92
460 510 94
460 571 103
460 588 101
460 640 89
461 518 99
461 575 95
461 614 105
461 622 107
462 475 98
462 493 98
462 527 90
462 529 101
462 590 102
462 621 95
462 622 99
462 638 106
463 499 105
463 554 101
463 613 103
464 539 102
464 541 94
464 582 104
464 628 103
465 508 101
465 516 104
465 545 96
465 557 104
465 558 99
465 595 93
466 472 104
466 548 101
466 575 93
466 617 101
467 516 98
467 518 102
467 520 110
467 581 101
467 599 98
468 495 97
468 508 95
468 520 98
468 620 96
469 542 91
469 565 99
469 627 96
470 583 101
470 599 92
471 491 104
471 519 99
471 549 92
471 567 105
472 496 102
472 523 100
473 483 96
473 581 104
474 478 100
474 593 98
474 608 100
474 612 88
475 509 93
475 580 91
475 621 94
475 635 96
476 499 100
476 558 96
477 535 93
478 485 99
478 545 96
478 554 106
478 614 103
479 490 105
479 507 98
479 558 103
479 584 107
480 598 103
481 548 102
481 627 100
482 535 98
482 547 94
482 554 92
483 488 96
483 518 99
484 486 94
484 570 95
484 629 97
485 498 93
485 535 100
485 594 89
485 603 99
485 615 98
485 637 98
486 504 108
486 627 106
487 524 110
487 526 97
487 543 95
487 544 92
487 569 91
487 620 98
488 589 109
489 585 105
489 621 108
489 637 98
490 551 97
490 612 99
490 628 100
491 501 94
491 503 100
491 533 98
491 544 102
492 587 102
493 537 107
493 542 100
493 627 94
495 544 98
495 568 104
495 595 97
495 636 93
498 578 99
498 605 105
500 628 102
501 525 103
501 532 98
501 578 105
501 603 100
501 609 100
502 523 94
502 535 98
502 595 101
502 635 98
502 636 100
503 604 97
503 612 104
503 622 99
504 529 101
505 601 108
506 554 110
506 575 100
506 579 101
506 583 99
506 615 97
507 513 105
507 515 98
507 534 103
507 617 103
507 620 95
508 562 98
508 614 99
509 515 102
509 543 105
509 546 97
510 526 97
510 527 99
510 539 102
510 628 96
511 588 99
512 617 98
514 523 100
514 537 102
514 550 103
514 586 101
515 636 96
516 608 100
517 576 104
518 520 93
518 590 96
519 587 101
520 566 93
520 586 96
520 615 93
520 625 99
521 544 94
521 577 99
523 550 93
523 553 97
523 574 111
523 630 102
524 573 97
524 576 99
525 563 103
525 587 95
526 532 103
526 568 90
526 595 103
527 557 91
527 580 98
527 610 102
528 559 109
528 580 100
528 634 94
529 548 100
530 577 101
531 539 108
531 588 92
532 560 100
532 563 98
533 600 99
534 554 88
534 566 108
534 637 99
535 549 100
535 569 99
535 587 92
536 550 106
537 584 106
537 626 103
538 638 97
539 560 108
541 638 98
542 561 96
542 597 106
543 626 105
543 640 109
544 613 102
545 614 103
546 593 99
547 614 85
549 551 103
550 611 91
551 619 96
552 639 98
553 565 101
554 614 92
555 573 96
555 574 101
556 588 106
557 591 96
558 572 96
558 607 106
559 623 101
560 573 100
560 587 101
560 614 95
561 563 98
561 590 100
561 595 107
563 606 102
563 631 97
563 632 107
564 609 96
564 621 101
565 581 103
565 582 108
565 612 100
566 596 101
566 605 93
568 581 97
568 615 101
568 632 97
569 606 95
569 607 108
571 585 107
571 635 103
572 635 98
573 574 100
573 584 100
573 621 105
574 616 98
576 589 105
577 593 104
578 610 101
578 617 95
579 631 99
580 588 102
581 596 101
583 597 97
583 622 94
584 623 95
586 625 97
587 613 99
589 595 94
589 624 99
590 595 101
591 617 94
592 616 96
593 594 100
595 640 98
596 627 97
598 629 97
599 628 104
600 632 101
601 626 93
602 612 102
605 613 102
605 620 96
607 625 99
608 619 102
608 638 102
611 621 97
611 633 96
612 629 96
613 640 110
615 616 97
618 635 103
627 634 101
628 637 108
