100 125
1 82
2 37
2 61
3 45
3 64
3 4
4 83
4 90
5 6
6 7
6 35
7 26
7 80
8 68
9 33
9 60
9 89
8 10
10 40
10 62
10 96
12 34
12 52
12 85
14 32
14 92
13 15
13 17
4 18
18 22
18 43
18 69
18 73
18 78
18 84
18 98
19 94
22 41
26 86
27 75
24 29
2 31
23 31
31 65
32 89
34 47
34 56
36 49
37 84
39 76
16 43
20 43
43 97
19 45
25 45
45 77
47 52
48 74
49 84
38 52
28 53
53 70
35 54
54 99
5 57
10 57
11 58
29 58
39 58
44 59
54 59
59 85
59 97
60 67
13 63
48 63
50 63
58 63
42 64
64 66
65 66
21 66
55 66
14 67
67 71
67 81
67 95
9 69
12 69
57 69
69 79
70 71
71 92
72 79
11 73
17 73
77 78
59 78
78 86
78 91
62 82
1 83
31 83
46 83
51 83
71 83
72 83
83 88
5 84
53 84
63 84
36 86
56 86
86 93
4 89
15 90
30 90
56 90
62 90
27 91
37 91
49 94
71 95
0 97
87 98
