
# 30113	6	6	6	6.0000	6.0000	6.0000	7.0000
# 19143	6	6	6	6.0000	6.0000	6.0000	8.0000
# 24458	6	6	6	6.0000	6.0000	6.0000	7.0000
# 6401	6	6	6	9.0000	9.0000	9.0000	11.0000
# 6720	6	6	6	9.0000	9.0000	9.0000	10.0000
# 2723	6	6	6	10.0000	10.0000	9.0000	12.0000
# 27741	6	6	6	6.0000	6.0000	6.0000	7.0000
# 20708	6	6	6	6.0000	6.0000	6.0000	8.0000
# 14312	6	6	6	6.0000	6.0000	6.0000	8.0000
# 1986	5	5	5	5.0000	5.0000	5.0000	6.0000
# 32595	5	5	5	5.0000	5.0000	5.0000	6.0000
# 24423	5	5	5	5.0000	5.0000	5.0000	6.0000
# 117	5	5	5	7.0000	7.0000	7.0000	9.0000
# 13194	5	5	5	6.0000	6.0000	6.0000	7.0000
# 15443	5	5	5	7.0000	7.0000	7.0000	8.0000
# 7348	5	5	5	5.0000	5.0000	5.0000	7.0000
# 28688	5	5	5	5.0000	5.0000	5.0000	6.0000
# 24996	5	5	5	5.0000	5.0000	5.0000	6.0000
# 20783	4	5	5	5.0000	5.0000	5.0000	5.0000
# 2253	4	5	5	5.0000	5.0000	5.0000	6.0000
# 32297	4	5	5	5.0000	5.0000	5.0000	5.0000
# 24624	4	5	5	7.0000	7.0000	7.0000	9.0000
# 31903	4	5	5	5.0000	5.0000	5.0000	6.0000
# 22756	4	5	5	7.0000	7.0000	7.0000	8.0000
# 28298	4	5	5	5.0000	5.0000	5.0000	6.0000
# 16072	4	5	5	5.0000	5.0000	5.0000	6.0000
# 19466	4	5	5	5.0000	5.0000	5.0000	5.0000
# 7723	4	4	4	4.0000	4.0000	4.0000	5.0000
# 11983	4	4	4	4.0000	4.0000	4.0000	5.0000
# 10379	4	4	4	4.0000	4.0000	4.0000	5.0000
# 27887	4	4	4	5.0000	5.0000	5.0000	6.0000
# 30116	4	4	4	5.0000	5.0000	5.0000	5.0000
# 30994	4	4	4	6.0000	6.0000	6.0000	6.0000
# 7109	4	4	4	4.0000	4.0000	4.0000	5.0000
# 14146	4	4	4	4.0000	4.0000	4.0000	5.0000
# 32428	4	4	4	4.0000	4.0000	4.0000	6.0000
# 23959	4	4	4	4.0000	4.0000	4.0000	4.0000
# 4508	4	4	4	4.0000	4.0000	4.0000	4.0000
# 11489	4	4	4	4.0000	4.0000	4.0000	4.0000
# 262	4	4	4	5.0000	5.0000	5.0000	5.0000
# 28832	4	4	4	5.0000	5.0000	5.0000	6.0000
# 29439	4	4	4	5.0000	5.0000	5.0000	6.0000
# 29054	4	4	4	4.0000	4.0000	4.0000	4.0000
# 16206	4	4	4	4.0000	4.0000	4.0000	4.0000
# 29836	4	4	4	4.0000	4.0000	4.0000	4.0000
