# 30113	1.86	1.07	0.66
# 19143	12.53	0.75	0.84
# 24458	1.47	1.02	0.71
# 6401	1.86	100.31	17.05
# 6720	1.51	100.25	100.36
# 2723	2.08	100.52	100.40
# 27741	4.13	12.07	4.37
# 20708	4.19	1.89	1.87
# 14312	8.22	0.98	2.26
# 1986	1.55	1.32	0.52
# 32595	1.90	0.55	0.65
# 24423	1.47	0.53	0.47
# 117	1.65	44.45	5.25
# 13194	1.90	4.37	2.39
# 15443	1.73	18.33	5.00
# 7348	5.08	6.23	1.82
# 28688	3.74	2.65	0.61
# 24996	0.73	0.56	1.36
# 20783	1.64	0.93	0.74
# 2253	1.38	0.84	0.88
# 32297	1.27	0.73	0.76
# 24624	1.71	24.95	23.28
# 31903	1.99	3.31	3.50
# 22756	1.36	4.60	14.02
# 28298	4.17	0.84	1.83
# 16072	3.29	1.21	1.80
# 19466	0.58	0.58	0.77
# 7723	5.58	0.37	1.39
# 11983	3.22	0.40	1.04
# 10379	1.31	0.40	1.44
# 27887	1.70	2.18	1.10
# 30116	1.60	0.51	1.87
# 30994	1.46	1.59	3.98
# 7109	2.55	0.59	1.40
# 14146	0.79	0.31	1.42
# 32428	0.75	0.30	0.86
# 23959	6.39	0.03	0.37
# 4508	5.25	0.42	0.44
# 11489	0.68	0.41	0.42
# 262	1.43	0.58	1.20
# 28832	1.60	1.05	2.15
# 29439	1.35	0.74	1.27
# 29054	3.36	0.30	0.38
# 16206	0.59	0.35	0.42
# 29836	0.47	0.31	0.40
